% # columns="iteration, evaluation, sigma, max axis length,  min axis length, all principal axes lengths  (sorted square roots of eigenvalues of C)", seed=161168, Wed Nov 26 12:23:00 2025
1 16 0.048556398752884866 1.0000477284116918 1.0 1.0 1.0000022727298554 1.000004545464876 1.000006818205062 1.0000090909504133 1.00001136370093 1.000013636456612 1.0000159092174594 1.0000181819834721 1.0000204547546503 1.0000227275309936 1.0000250003125026 1.0000272730991768 1.0000295458910167 1.000031818688022 1.0000340914901926 1.0000363642975287 1.0000386371100303 1.0000409099276972 1.0000431827505298 1.000045455578528 1.0000477284116918
2 32 0.048688851086433727 1.0742773260973657 0.9538367402627396 0.9538367402627396 0.965794495519649 0.9776183250878555 0.9826715752679318 0.9877623475086083 0.9916154681949084 0.9965070839173511 0.9990262835270124 1.0000129105603477 1.000017973299463 1.000022754640398 1.000025772004169 1.0000311173989926 1.0000341387952185 1.0003258177231824 1.0025249392420554 1.0031811881392683 1.0053072648101906 1.0084796286738533 1.0154422069143434 1.0249068046165388 1.0742773260973657
3 48 0.05043326719678313 1.0962610997774969 0.9427080033642864 0.9427080033642864 0.9577460366254669 0.9608134600555476 0.9673577939386621 0.9772442698475564 0.9833067075532185 0.9860859371286587 0.988893858803155 0.9899495444888896 0.9964244661393362 0.9977273353890113 0.9990026542984642 0.9999483088292472 1.0005386186580647 1.0032237072673558 1.0043804624733588 1.005144187871772 1.0110172872901906 1.0200850702532795 1.0235783569902024 1.0447810613960071 1.0962610997774969
4 64 0.05203850809479686 1.1383124295725386 0.9302261614115351 0.9302261614115351 0.9341376962926068 0.9535436558917184 0.9603464234251654 0.9625244796833256 0.9730769676874638 0.980597254742594 0.9837476953716168 0.99020666345345 0.9945690072107497 0.9955917963725576 0.9984595432722737 1.0001871621536638 1.0018456247991974 1.005855097487474 1.009663541550077 1.017298333941043 1.0233966089609814 1.0242582807065128 1.0306438872111783 1.0627445084483407 1.1383124295725386
5 80 0.0524006738323749 1.1599593794047771 0.9209407495342826 0.9209407495342826 0.931945510756228 0.945872049971951 0.952644987203066 0.9566112684556806 0.964696793709233 0.9726303724772563 0.9799914531432653 0.9818276034996137 0.9901508556167717 0.9921024128455221 0.9966208945188766 0.9987018588250951 1.0049109642803984 1.0075004272137567 1.0149299165107637 1.015939089523233 1.021101853895766 1.0362143419354948 1.0488935657047174 1.0797478388314836 1.1599593794047771
6 96 0.05321187786717866 1.171377280243797 0.911461706536279 0.911461706536279 0.9268759656709308 0.9403920832690374 0.9488105302902348 0.9532973294622152 0.9666043338740518 0.9715648856132365 0.9743241874081803 0.981478834642997 0.9845899518283195 0.9869247683742759 0.9959346881508264 0.9983464433214501 1.0028543622846078 1.005074905061511 1.0133330063439934 1.0160273236695077 1.0246640614062368 1.0370890739007959 1.0623366405184296 1.0829474056299448 1.171377280243797
7 112 0.056531070867780316 1.1971304239923493 0.9077724385362823 0.9077724385362823 0.91590444563729 0.9338544501251927 0.9387788780520502 0.9494611906261624 0.9567349560585562 0.9598648565768901 0.9748277505575313 0.976964075124519 0.9836302141166048 0.9868924184874922 0.9923217583763941 0.9964957788061524 1.003226302054569 1.0078259879828448 1.0094225193590838 1.0229907248799335 1.032676371324859 1.044618238236202 1.0618307374868292 1.0877481926388712 1.1971304239923493
8 128 0.059983867884222906 1.2573617204377237 0.904648279709359 0.904648279709359 0.9062576624103343 0.9241022020773766 0.9378473764065822 0.9404554869957834 0.95084654510676 0.9595446533203258 0.9677884736642178 0.977713545007493 0.9833659142721692 0.9845567259150991 0.9933648120318944 0.9987570780876528 1.003408568011546 1.0070808904360415 1.0131436511998426 1.0242394766822744 1.040225776306508 1.0556932855027612 1.0658930661098487 1.0930443138572399 1.2573617204377237
9 144 0.06279366287598047 1.3191627562359112 0.892652362803028 0.892652362803028 0.896294878877768 0.9184941444088351 0.9372762107728358 0.9407178635786239 0.9524581360487872 0.9533598380063758 0.9623194382815536 0.9699505784324527 0.9802947812927912 0.9826407535454089 0.9922864028387044 0.9975455378763874 1.0084060188982593 1.0109372737408138 1.0194897250051114 1.024928845050607 1.047001168598985 1.056230448371931 1.0722446313293954 1.095865728576407 1.3191627562359112
10 160 0.06398363463769119 1.3735894797682973 0.8662332322243542 0.8662332322243542 0.8954449124931337 0.914541003683991 0.9311065350678531 0.9356576939785659 0.9419787031236058 0.9523630985035247 0.9583475626482945 0.9698077030073203 0.9794624739629223 0.9878469658405495 0.991390833119439 0.9982419303221179 1.0099760172649699 1.015050991821666 1.0171413989201026 1.0364667432852346 1.0484246420423384 1.063336185207276 1.0721116945571785 1.0926060629647705 1.3735894797682973
11 176 0.06640473262149595 1.4036106204257301 0.8707984232531258 0.8707984232531258 0.8959314781766695 0.9097691756442052 0.9306499038958247 0.9326536185665103 0.9371039783276867 0.9449493305707535 0.9561591823803568 0.9633573957086125 0.9683517820308168 0.9895682667222371 0.9949452600669257 0.9987118420004655 1.007228583423576 1.0119209483336453 1.0237365656222817 1.0401202526196682 1.0442977710992118 1.0682014267681024 1.075017137352678 1.1128204735608005 1.4036106204257301
12 192 0.06612851428876605 1.4239778124872975 0.8734713994781089 0.8734713994781089 0.8902677358935915 0.9039044628619337 0.9236285214998883 0.9297365323743754 0.934571145658219 0.9437188928750722 0.9489669750129204 0.958297237208636 0.9678087727084579 0.9788320129347469 0.9852018255160045 1.0030729726911103 1.0086135499584954 1.0211922212132725 1.0250226739761539 1.043020182897029 1.0450363039771828 1.0643835700151925 1.0694213845536016 1.1274030139692488 1.4239778124872975
13 208 0.06553162595631186 1.428375468398904 0.8726096166479549 0.8726096166479549 0.8942680836467851 0.9039971145025975 0.9234528101864393 0.9252211646728608 0.9300522632224333 0.9372536835064779 0.9473617319030017 0.9505796875527894 0.9664716090709408 0.9713004492001641 0.9824842992402689 1.000459064155943 1.0104917279928554 1.0167337739645124 1.0265951981435177 1.0411036842039814 1.0513611222976462 1.0668504387265116 1.0725741338560384 1.126113838592635 1.428375468398904
14 224 0.06643458139689445 1.4413577269590938 0.8639390187137447 0.8639390187137447 0.8946484887063076 0.8970383296052148 0.9130501078212109 0.9202488687192917 0.9288975203034908 0.9347737443498626 0.9467472674894052 0.9572760946457587 0.9585538306317585 0.9711042403192249 0.9812660488340622 0.99437191153871 1.0121606163546566 1.0193362759048794 1.0307267009344336 1.0327759461029122 1.0573216770185843 1.062916600644891 1.076574234709992 1.1264130639822065 1.4413577269590938
15 240 0.06797185834005998 1.4596151273752405 0.8633369875023538 0.8633369875023538 0.8843477879537256 0.8976001664177341 0.9096898498048893 0.917301734899245 0.9240935653403407 0.9342898384463987 0.9400781880612825 0.9525462111999288 0.9623540874276788 0.9704017626647008 0.9784108569207873 0.9867580775785751 1.0025632033652072 1.0170556206676207 1.0288767052069128 1.0486195268243483 1.0607548903500368 1.0673004798728458 1.0856817235339056 1.1330225245493635 1.4596151273752405
16 256 0.06514912524093601 1.4775943592555558 0.8601452916759315 0.8601452916759315 0.8740131500717104 0.8907783748362447 0.8990552412463251 0.9109570103419665 0.92258086713449 0.9295157835644616 0.935504324120076 0.9471058373426103 0.9608623990379697 0.9692261508678666 0.9764169293533489 0.9849388279046976 1.0050973941590848 1.0167431112379064 1.0326345562514296 1.052801361309784 1.0639759097918882 1.0793330125574079 1.0976215768697621 1.1435312929584887 1.4775943592555558
17 272 0.06279461002244584 1.4924033664253715 0.8591870917900389 0.8591870917900389 0.8718933964427391 0.8800298694406006 0.8894901230636802 0.9017949616688248 0.9206740300767225 0.9291966840916156 0.9368156190206174 0.9435678653626508 0.955695119486625 0.9649745630801381 0.9759010766786429 0.9914771598646696 0.9982872934351499 1.0128568132217706 1.031786653450589 1.0564941052769719 1.0691556619915594 1.0762574457175025 1.0958460758669952 1.1474420598463806 1.4924033664253715
18 288 0.06292127318891393 1.492836590210002 0.85587749796691 0.85587749796691 0.8662034994931965 0.8717077546785944 0.8847991351828619 0.8939289222687467 0.9114778456977917 0.9237672399757816 0.9339488137893884 0.9371209634352291 0.9538486639140914 0.9663283931886876 0.9823923947521732 0.9936781925747371 1.0036255896106696 1.0143728900474502 1.0341906436001336 1.0566440363707597 1.063947607023719 1.0793433748333119 1.0968914117513717 1.152134958459028 1.492836590210002
19 304 0.06354065777194685 1.4838213824857678 0.8445921650076292 0.8445921650076292 0.8612903869835331 0.8658085065606281 0.878325574819462 0.8910254861709146 0.9091033152829888 0.9236496549623633 0.929863466597615 0.9433799747281124 0.9611730597241765 0.9765839541446196 0.9784004713764458 1.0010094577486803 1.0031450967574698 1.0104384443813637 1.0330469209662863 1.0594412252565142 1.0635775851481353 1.079989929878556 1.0973435645392884 1.1763730519595545 1.4838213824857678
20 320 0.06312849180397793 1.4926622363965307 0.8425584544897609 0.8425584544897609 0.847930169928135 0.8571737845778142 0.8733151248885725 0.8860912605531989 0.9132444455884827 0.9227980141270691 0.9315715766773044 0.9397969495098939 0.9547638544119814 0.9752865459903928 0.9814389017755664 0.998549561298446 1.0053705382885245 1.0147260739115662 1.036763285381234 1.05832537586866 1.066834836752383 1.0823418565542222 1.0963788135505395 1.1758206570310514 1.4926622363965307
21 336 0.06340380224016669 1.4960234913756807 0.8344744428278329 0.8344744428278329 0.8468047356425893 0.8582237490013572 0.8714540092583837 0.8789329370732646 0.9106547256382285 0.9169203354858453 0.9302665887468938 0.9387231190713541 0.9526171219574738 0.9670301915536144 0.9904185390132266 1.0015554376564269 1.0060491821704316 1.0159888356946074 1.0386422762796201 1.0543033902148617 1.0654875223886593 1.0759439157469646 1.0972741987425572 1.1806325000543028 1.4960234913756807
22 352 0.061630643172624316 1.4926803067442593 0.8304087065172319 0.8304087065172319 0.8479034425853306 0.8586333115451473 0.8663883092883596 0.8757288619890561 0.909352419655492 0.9176874975724307 0.924907917898328 0.9366150347664316 0.9533780423172611 0.9603728175664004 0.9871369091581282 0.9929052299203257 1.0031821330333563 1.0132202941682098 1.048846268620829 1.0571938373164869 1.0610205297320596 1.072099781744716 1.1124249810566122 1.1789211588576347 1.4926803067442593
23 368 0.06262069136765223 1.4912396457457913 0.8244776873706239 0.8244776873706239 0.8471143401391732 0.851588586725266 0.8598929349052756 0.877034320960595 0.9115704776106947 0.9164348503169043 0.9215066570728092 0.9397702771517368 0.9565964576740342 0.9622996314039289 0.9886209171072224 0.9923400090626193 0.9980382180556875 1.014231369076585 1.0388850646448524 1.054718861075733 1.057180966883793 1.0634662818235672 1.1100302419572985 1.1769665610116051 1.4912396457457913
24 384 0.06468316559235769 1.4902706798309744 0.814165286866626 0.814165286866626 0.8374293635742358 0.8523061384026945 0.8608291869247859 0.8625425464242792 0.9068439660511637 0.9195888409209643 0.932439939256115 0.9426857166571805 0.9583866190969256 0.9622919650816143 0.9879627058559685 0.9930177905313424 1.0059623335305101 1.016472014228931 1.0324056829744446 1.0539141451698633 1.0598790522681991 1.070730606210033 1.122771141157916 1.1890465521781035 1.4902706798309744
25 400 0.06674687299617532 1.5134371091521794 0.8139009483624722 0.8139009483624722 0.8334496159610213 0.8466359064912048 0.8560990054548828 0.8640890977636831 0.9057168361393627 0.9130692371545782 0.9252911433695977 0.943560881025505 0.9518498665023231 0.964011887391879 0.9859025246971511 0.9888643703582546 1.0047278805455484 1.0169265999845063 1.0367043218268563 1.0548786196289222 1.068935365446114 1.0753804974895556 1.1246760491334333 1.191166240888205 1.5134371091521794
26 416 0.06925510163414897 1.5171941422521238 0.808782189660812 0.808782189660812 0.8244864557680048 0.8329618347849816 0.85266246922941 0.8656520936585109 0.9015406410066227 0.9081256489690894 0.9227517650387502 0.9409594909030337 0.9513474598724584 0.963647663201555 0.9821938137184947 0.9886906833640859 1.0046160053095927 1.0149707869999247 1.0327024104163283 1.0596585080336676 1.0809861078726655 1.0877854952748878 1.1398236419833958 1.2017673134934193 1.5171941422521238
27 432 0.06927988042158534 1.5175641602492396 0.8011602800404173 0.8011602800404173 0.8310216777541566 0.832506098201842 0.8486156646809795 0.8687724678610725 0.8998372019001347 0.9099035948153843 0.9210369968779302 0.9374437756742053 0.9483361401898568 0.9640152382485775 0.9831703504279189 0.9952460007099074 0.9987565976908752 1.00505950928721 1.029024841127664 1.0606201818666383 1.0792486340543603 1.0821107317022725 1.1412441190921696 1.2168433342356269 1.5175641602492396
28 448 0.068111340109813 1.5178805968144022 0.8029951384653129 0.8029951384653129 0.8265400218660932 0.8293068686658667 0.842481782851478 0.8629321068974425 0.884450457753656 0.9074097127029671 0.9205192739682376 0.9348984595417013 0.9493332337193638 0.9679189985767985 0.9795895256349078 0.9926270513868533 0.996878392354676 1.0096365973120494 1.0284953150978822 1.055851614467425 1.0755593186589993 1.0777512984997226 1.1393741582223091 1.2381529516026255 1.5178805968144022
29 464 0.06867232101508296 1.5171798466822386 0.8001614539283428 0.8001614539283428 0.8230264231414192 0.826225658232419 0.8391330037036231 0.8508147564313131 0.8829876070951581 0.9034872613509983 0.9154718434276994 0.9327386377377908 0.9504048186606292 0.9625262212120111 0.9805391889116669 0.9850949438050545 0.9915818652189416 1.0061918165351418 1.0265944955955622 1.055249063399567 1.0689084484115834 1.0780951320537961 1.1385829827177316 1.2541158034322444 1.5171798466822386
30 480 0.0692851811671199 1.5109642091099473 0.7945485797041114 0.7945485797041114 0.816669659138514 0.8223967864285389 0.8317148367457416 0.8466649632349972 0.8835056545232295 0.9081244500478032 0.9184660116939475 0.9370223358129459 0.9465051042875391 0.9589576443593493 0.9748527173500152 0.9785687753903285 0.9904652349454466 1.0076299657752532 1.0218327274884853 1.0554972101898286 1.0732168537500062 1.080468014578834 1.1400022622425834 1.2769217968040762 1.5109642091099473
31 496 0.07002137228831101 1.5211483679848494 0.7820774192503431 0.7820774192503431 0.8097392981225464 0.8232507018258257 0.8327689837950788 0.8468161693380025 0.8767527296268578 0.9048338920270945 0.9266952467587197 0.9341091831568399 0.9515636734376486 0.952122768243347 0.973299736166512 0.9857304496272056 0.99207827088374 1.0048929413643195 1.0201171797716058 1.0551844372588512 1.0767210783628234 1.0889528479410011 1.1432379302185407 1.2822833734007497 1.5211483679848494
32 512 0.06997167406412437 1.5206624211767177 0.7826371193931762 0.7826371193931762 0.8040696386618109 0.8186049981315839 0.8333838556061317 0.8457756636408388 0.8636048565104398 0.9066109372697873 0.9231067866033056 0.9324098398205662 0.954186263081623 0.9566105435803984 0.9717296438653381 0.9833350835877335 0.9902605505447802 1.00714766022434 1.0281821582946704 1.0576789003456408 1.0717714816361747 1.1102686219379887 1.1615950282309995 1.267320268912377 1.5206624211767177
33 528 0.07221177406125279 1.5236646864802008 0.7774243882496151 0.7774243882496151 0.7902811795516976 0.8156965159023417 0.8347010323999341 0.8418895793822381 0.857863951884537 0.8970986280138102 0.9187014475656902 0.9196388795456215 0.946360193024327 0.954447477103774 0.9736859767363806 0.9808627236861932 0.9929254030295042 1.0186084609756656 1.037948964689585 1.0642543694252669 1.0759081225068938 1.1093717158365484 1.1789833085025743 1.2692025471851958 1.5236646864802008
34 544 0.07319884796183672 1.5194142785287468 0.7770767980432509 0.7770767980432509 0.7861465968653037 0.8159424192416747 0.836056064962736 0.8375372479754531 0.857760084071124 0.8915691321897327 0.9207005842062269 0.9308559010883853 0.9432676560281553 0.9564784788546181 0.965791263588353 0.9881938681301692 0.9935483723853324 1.02371807710338 1.0408426759245357 1.0710981598588203 1.0804703880403255 1.1094047707627246 1.191207228843132 1.270485032154138 1.5194142785287468
35 560 0.07206427091086004 1.5117984113651777 0.7738390361745677 0.7738390361745677 0.784364379090843 0.814312955362435 0.8337817979037485 0.8393509308974407 0.8552988957338026 0.8857627654392592 0.9070738608919898 0.9312124611162919 0.9370488099725961 0.955218246518499 0.9631884785895521 0.9878965796598501 0.9908074048725849 1.0348348925432862 1.0406264449753837 1.0543505000021098 1.08825707694493 1.1071624237918714 1.2105343766785803 1.2675412140294615 1.5117984113651777
36 576 0.07193747036412644 1.500471818474919 0.7709975253492168 0.7709975253492168 0.7819077238024639 0.804787566680745 0.8264837877729568 0.837467680787949 0.8629286125631451 0.8886124033148622 0.900785752601558 0.9276981612387329 0.9413151197512865 0.9494024655124871 0.9549510657453413 0.9876478614256596 0.9952149850917758 1.0328135566469634 1.03847931508759 1.064237106851096 1.1008598537529741 1.109189638190329 1.2123310802439333 1.2637496314707668 1.500471818474919
37 592 0.07019281065861273 1.5113219540446299 0.7611413610594775 0.7611413610594775 0.7727274542350495 0.8041834883486597 0.8234381369115776 0.8350883698702107 0.8715277811517302 0.8864310801543115 0.9009794761616408 0.933788551680056 0.9412699104516974 0.9482723423873882 0.9536383006322244 0.9855477066060987 0.9965242811345156 1.0346659673054954 1.0427010889102029 1.067357408840051 1.100663731454013 1.113195746454669 1.2068140287136375 1.2627131613741664 1.5113219540446299
38 608 0.06932306737329591 1.508786058337625 0.7635215074253107 0.7635215074253107 0.7705119562737863 0.8026799222671948 0.8221928499786939 0.8293557548049958 0.8637923861943428 0.8859969434749752 0.9009842298319481 0.9318854281122002 0.9360754711675788 0.9456515951902174 0.9640550539402677 0.982718020703734 1.002850717894921 1.0296025968220925 1.038417094549964 1.069958899226923 1.0909558994782602 1.1082552855106802 1.2124388005403657 1.2573387594836356 1.508786058337625
39 624 0.06865450039635089 1.5180071294374786 0.757351720824787 0.757351720824787 0.767165968630671 0.7992920194432412 0.8246310487988232 0.8267280663409632 0.8666326287554794 0.8851442685400158 0.9030641273287898 0.9168828052852612 0.941790842329069 0.9523213465332511 0.9645004250988714 0.9795574035554231 1.0133294830664827 1.0243881199639548 1.0335135903205026 1.0710119210140367 1.0861099475882556 1.1122307244492522 1.2015102710723342 1.2511778071696174 1.5180071294374786
40 640 0.06785634322868832 1.5219357386094756 0.7499016173540901 0.7499016173540901 0.7672831612793114 0.7961288681595035 0.8112035502715329 0.8201438004769859 0.860430412317877 0.8896844043004818 0.9046214246004439 0.9133246573942717 0.9460843804261257 0.957185844392687 0.9642425624285513 0.9844788281386281 1.0154102702153966 1.0253323111171408 1.0325729238976529 1.0702931524511572 1.1035173340403828 1.1104254584980886 1.2023367448789604 1.2569557919704952 1.5219357386094756
41 656 0.06589942761986009 1.5216493292855484 0.7463273687792973 0.7463273687792973 0.7701761431283998 0.7903357055949514 0.8093556697270029 0.8191672474171359 0.8547309974357272 0.8920015857440718 0.896797578111017 0.9170512412146151 0.9424753242728634 0.9557532089751978 0.96983035625656 0.9870744601856599 1.0160761275172059 1.0206885364216132 1.0344504491099986 1.0747172821435311 1.0991796661796196 1.1237220067904599 1.2069423651422544 1.2524613180232398 1.5216493292855484
42 672 0.06492885398165907 1.5156384324080567 0.7427195514353133 0.7427195514353133 0.766076481562123 0.787265955824781 0.800735723363493 0.8198550673961904 0.8510303969511095 0.8879358983029634 0.8939490994005966 0.9095658910404029 0.9397550346884618 0.9632467111917945 0.9730723866574716 0.9879725070886524 1.0109153185284077 1.0214375762892576 1.0324045271827447 1.0712056009689506 1.1007594283153523 1.1269647476335118 1.2138387565190005 1.2483409741656921 1.5156384324080567
43 688 0.06488504855182929 1.5107492054369058 0.7378352703010851 0.7378352703010851 0.7642080757286888 0.7852240386914867 0.7970269366130113 0.8142992205542555 0.8505187559369806 0.8823527767987756 0.8972919788095418 0.906545415344842 0.9392228974705756 0.9578396157011192 0.9683158244359165 0.9784726109773889 1.0069988447023113 1.0226517628021883 1.038031246782529 1.0630329413383106 1.0975989889736923 1.1413109680148705 1.2087445283115206 1.2451205642488041 1.5107492054369058
44 704 0.06470414288087212 1.516218859806207 0.7357975811292226 0.7357975811292226 0.7565725501091739 0.7788904850805767 0.7958678267505324 0.8128799494567635 0.8500271135396705 0.8804114163480364 0.8926299320877449 0.9109032816454543 0.9369428943302093 0.9602581434102756 0.9621896399739728 0.9794751150361485 1.0079222833963228 1.0153001951104825 1.039738601556425 1.069107329443981 1.0974877321237075 1.145896935332875 1.211144771851309 1.2401247800243018 1.516218859806207
45 720 0.06244010372135898 1.5180807250837542 0.7368333122598604 0.7368333122598604 0.7563672019607182 0.7731428349294662 0.790864279836871 0.8088233089132759 0.8475091961208291 0.8806432642179294 0.8866629417078601 0.910188086938095 0.9384543531607329 0.9596280831437916 0.9657729988891763 0.978235094650941 0.993801676742479 1.0086972157347698 1.0466819688745412 1.0655041566922423 1.0967545310858635 1.144051977617145 1.2157581776504836 1.2337744596207916 1.5180807250837542
46 736 0.06061074080478583 1.5149987950925285 0.7332574444136654 0.7332574444136654 0.7508662854615287 0.77157636792463 0.7844432064880906 0.81042486546208 0.8463832335543245 0.874365218087559 0.8795063696261801 0.9026257377051556 0.9355848557871825 0.9557125752958759 0.9658251108282162 0.9808596195802174 0.9880732440730344 1.0093494379776176 1.041750681444829 1.062207795972344 1.0990734497316186 1.142004242329624 1.2136231505205926 1.229202222562341 1.5149987950925285
47 752 0.06115787194656989 1.5111281538868084 0.724939607121429 0.724939607121429 0.7482533667885841 0.7670862005448261 0.7812991965403359 0.8086777126327949 0.8478607407291078 0.87291238289397 0.8744958286216593 0.905881575817629 0.9327155949646766 0.9498888381672624 0.9714379096230609 0.9796251661601104 0.9886975438280513 1.009129379455565 1.0407230120754534 1.0849152090596592 1.0959828308156756 1.1476763149350988 1.1973766577280796 1.220077219062494 1.5111281538868084
48 768 0.0612277650626035 1.5168944871932697 0.7256069781765556 0.7256069781765556 0.7451248194073209 0.766179076068022 0.7766525012304256 0.7973770057849098 0.8408069910585515 0.8696249577460361 0.8785207536833485 0.9067309661770561 0.9323325707850446 0.9441310112765268 0.9685801359632441 0.9790240167894961 0.9896586852635036 1.0189741013015183 1.0567396826776816 1.0897806122264424 1.1130854147275508 1.1465760289298905 1.198634411415014 1.2038395069915262 1.5168944871932697
49 784 0.06354891153200247 1.516662538617838 0.7193760227304782 0.7193760227304782 0.7416402413398021 0.7606911977334297 0.7758473462999558 0.7971577468320802 0.8399223091262821 0.869494384577254 0.8756719429424568 0.9007277175159525 0.9294301887333194 0.9452271696065143 0.9648898529173374 0.9735231599092359 0.9853807961703933 1.0240338616048343 1.0706510275892689 1.0892648591296314 1.1151966282524381 1.1461508088183752 1.190126657853763 1.2093574688322326 1.516662538617838
50 800 0.06413892546742204 1.5103910977962576 0.7145010025906365 0.7145010025906365 0.7361372132595249 0.7565130353355308 0.7679484769418465 0.7981577007296181 0.8379477736657512 0.8596551592719112 0.8742146206720287 0.8996169096030019 0.92646778291429 0.9429973550777634 0.9651565144690154 0.9713269187195998 0.992811131538951 1.0224604519149059 1.0776070979061474 1.0843455896181255 1.1244004504557703 1.1596927058653765 1.1983137849080197 1.2157898673916447 1.5103910977962576
51 816 0.06296050724000611 1.5145800273010392 0.7114564039527562 0.7114564039527562 0.7313774714011262 0.753831079562742 0.7676214837255041 0.7913170737862782 0.8352638238765642 0.8579849544505723 0.8689744267727608 0.8944471633143123 0.9221113825007912 0.9395916020426885 0.9629676348322842 0.9730470419278069 0.9865967178499635 1.023933414741712 1.069032436909387 1.0808252117343884 1.1147705058753943 1.165788421845969 1.21329117281593 1.2195565623847413 1.5145800273010392
52 832 0.061302373485372444 1.5221821951474483 0.7049451977261711 0.7049451977261711 0.7364008473295663 0.7543520123537721 0.7710828463711555 0.7886215316477043 0.833901129065144 0.8541986781734893 0.8653727992594235 0.8920182296098796 0.9250507927950499 0.9406898613300708 0.9652805204484867 0.9756259985879431 0.9834611341296972 1.0087537749136095 1.0674241693301152 1.0862736683985688 1.1192978518689485 1.1644650303827009 1.209426873067051 1.2343292216766166 1.5221821951474483
53 848 0.061683660637008975 1.5186513826223444 0.7043663602618018 0.7043663602618018 0.7340187771139036 0.7559654295165235 0.7683706311755274 0.7989230915207499 0.8326924561240464 0.8447396262036287 0.8671813748009285 0.8911761542779523 0.9205054851037792 0.9353164816195414 0.9640425759526446 0.9682451820196454 0.9807594348852144 1.010873858342079 1.0706930896065425 1.0826742825316094 1.1209180322024788 1.1584642330781687 1.2056258322227607 1.2410419525473604 1.5186513826223444
54 864 0.06315095117332138 1.511898578291773 0.7012699586483069 0.7012699586483069 0.7230366447285235 0.7556763895927558 0.7691448647159878 0.818196838822216 0.8304697460027243 0.8429845567252928 0.8681911610623282 0.8939504122297127 0.9181465927377283 0.9345580471733518 0.9624657213089315 0.9651293642131283 0.9825705108641458 1.008679668929995 1.0626914462232415 1.0690349243500668 1.1172704513392693 1.1557081402854752 1.2077707253171273 1.2489678512675946 1.511898578291773
55 880 0.06477114645551703 1.5023619295018142 0.6939139030275238 0.6939139030275238 0.727153946046941 0.7532253876008503 0.7704916366755887 0.8204217959522008 0.8235126444456845 0.8428952695197867 0.864034699416352 0.8845177855862807 0.9156144960842607 0.9225230072702705 0.9548821158160558 0.9623066965801215 0.9896268563726615 1.0104450685478368 1.064601722129113 1.0722821618564784 1.1175213431016437 1.1477354969030447 1.2022929932136122 1.28030036885591 1.5023619295018142
56 896 0.06510839112520536 1.5029668211318072 0.691641096413226 0.691641096413226 0.7245003779785771 0.7512919668942482 0.76385463040994 0.8181649573325978 0.8240518976851912 0.852366777923437 0.8662859567507585 0.8852233714623765 0.9065432590399675 0.9224825559625475 0.9489922112011403 0.96898103732479 0.9892071705383113 1.0167974318522757 1.0500905923758688 1.0748403366075656 1.1143137036268596 1.1674754667684328 1.1979348693047591 1.314889683497765 1.5029668211318072
57 912 0.06432527239166834 1.5086897253449636 0.6854349689087277 0.6854349689087277 0.7196754428653017 0.7422731361583205 0.7706188500950207 0.8183966865313291 0.8193683759178769 0.8473748652903222 0.8649793055374609 0.8849724678054471 0.912711726601505 0.9249430356717682 0.9415944121328504 0.9637035533373991 0.9955633453258408 1.0059735731628323 1.0512589389752287 1.0730615593825177 1.1074148890766728 1.153607005556547 1.2039897193640683 1.339411028237188 1.5086897253449636
58 928 0.062164402534674076 1.5074520354312033 0.6825868054389548 0.6825868054389548 0.7152318074970577 0.7315954250978913 0.7728596823601653 0.8076519125591172 0.8165061881039611 0.8464742022540436 0.8631443080222775 0.8839055109932141 0.9104864639981705 0.926358854365958 0.9450696504009011 0.9606918139531652 0.991678717507898 1.0049926012543284 1.0558005039189828 1.0663804417346072 1.112545575974871 1.1576015322479836 1.201306549327166 1.3333078242730647 1.5074520354312033
59 944 0.06011498988235381 1.5120721625802427 0.678510968566585 0.678510968566585 0.7166967476523531 0.7259793525712435 0.7702347281286442 0.803056069578511 0.8163533897545914 0.8432514718583738 0.8610487386731733 0.8695778133390603 0.9071108889721573 0.931432659924017 0.9472893979866283 0.9582960847989078 0.9923612710531247 1.0086521960631678 1.0541444420945874 1.0640333138948859 1.1011913105179858 1.1551777618388697 1.1964049748129917 1.3362524140160534 1.5120721625802427
60 960 0.05683955622645509 1.5092993917179596 0.6713698278055931 0.6713698278055931 0.720110617637428 0.7255874222975234 0.7599719020611766 0.7994725783548483 0.8192485206152591 0.8396803720192023 0.8558828050965804 0.8673168942211721 0.9100615722597238 0.9306697992568558 0.9498119421919391 0.9638005029755474 0.9915557826365015 1.00642325058292 1.049480332427184 1.064230361700906 1.0919110276856445 1.1471497134423245 1.1997820272550208 1.3424320659763698 1.5092993917179596
61 976 0.053218122340735016 1.5108938582474825 0.6651136625024221 0.6651136625024221 0.7136584300271399 0.7250349567596029 0.7524588869158997 0.7991209587634519 0.8153172134975388 0.8432213975688777 0.8458814917557903 0.8660500145028055 0.9034380573542106 0.9332341369410779 0.9521443982727987 0.9652408580231691 0.9868044945636435 1.0023961380695336 1.0465898664935607 1.0623986791317699 1.0898345928096431 1.1478057161770832 1.196039269448512 1.3382934539747127 1.5108938582474825
62 992 0.04985159677997271 1.5179996422785536 0.6601052076718562 0.6601052076718562 0.7165584292278296 0.7184217381866776 0.7434472042411324 0.7939597910090828 0.8074621683871478 0.8384105173061785 0.8491344810429438 0.8633290618714368 0.9003890222885348 0.937620810345275 0.9505320911391245 0.965458182943925 0.9867788271165792 0.9886876143650812 1.0484096040638509 1.0602586955004496 1.0865643277421595 1.148120925317086 1.1917450357294388 1.341233867857848 1.5179996422785536
63 1008 0.04686299459156417 1.5184600331542273 0.657413374066037 0.657413374066037 0.7106970857516601 0.7193114938425073 0.7457526247169567 0.7851104713769075 0.8060755549367777 0.8412091952537747 0.8437738828156018 0.8681184521401415 0.8940096139970183 0.9336603941561873 0.9450900771195032 0.9534742298852545 0.9863002532270917 0.994236975685768 1.0459033223667393 1.0679174713064712 1.079813237388518 1.150355604174792 1.1736598132154334 1.342781865170378 1.5184600331542273
64 1024 0.04463777698037648 1.5019099844085269 0.6533790768607538 0.6533790768607538 0.7046919286417929 0.7202154638532627 0.7459302994629327 0.7846509689513691 0.8117975203598704 0.8385665881867436 0.8441977375075943 0.8719897857978294 0.8942696954605442 0.9366504538916931 0.9450041067868816 0.9531675755658522 0.9872473404380356 0.9907918110938605 1.0443965902340693 1.057654494464957 1.074640956177486 1.1407238257417442 1.1811535493962078 1.333246168195634 1.5019099844085269
65 1040 0.043154269784848466 1.5002879714547779 0.6567575266390369 0.6567575266390369 0.7013394801001871 0.7204441013159097 0.7405574743874535 0.7688442834053274 0.8087884187766401 0.8412831520866237 0.8432968462107374 0.8754364238348993 0.8911863171100158 0.9316029403668562 0.9430126996508456 0.9434608331878516 0.983100179562525 0.9948177323171881 1.0477221226182643 1.0578182098223774 1.082852890421791 1.151577552633851 1.1855128619175594 1.3374290960897308 1.5002879714547779
66 1056 0.04157596603808275 1.5018903785801554 0.6507366514142024 0.6507366514142024 0.6952973529936475 0.721926544792296 0.7393314612677633 0.7682446726245099 0.8058976635556757 0.8415247478877083 0.8496567010476017 0.8742085096477754 0.8876135550826184 0.9253805963225381 0.9297702587705667 0.9403729831430285 0.9768441774969696 1.003977638928618 1.0378997319740026 1.0612848980368113 1.0779456572069934 1.1539513824970502 1.1864797186376472 1.348493580998973 1.5018903785801554
67 1072 0.04023924062621969 1.4908028596004437 0.6461828199659815 0.6461828199659815 0.6920299877340937 0.7250461106488061 0.7373424859213885 0.7680032129699291 0.8087895509089712 0.841980544899625 0.8468590672316059 0.8724783201576104 0.891123871271973 0.9169319433452322 0.9346216691132577 0.9378343907951169 0.9732793224154046 0.9961383638018089 1.0455360256481028 1.0622281748974294 1.0781024773421435 1.1606608246187435 1.1822300187611214 1.3519509582628866 1.4908028596004437
68 1088 0.039094230029971554 1.4907355962816276 0.6383469944711088 0.6383469944711088 0.6937400699714461 0.723561874144767 0.7372309230719791 0.7691345463709489 0.8102024584361133 0.8387243535531239 0.8444219554821545 0.870075305442465 0.8891445675857376 0.913108841378342 0.9262780895956935 0.9360628694520977 0.972538422727467 0.9936532714950137 1.0431598138461124 1.0635692798018492 1.0774337825356608 1.1595348533715837 1.1726444245706822 1.3652849538978329 1.4907355962816276
69 1104 0.039635946840199346 1.4866017658565636 0.6408270250118877 0.6408270250118877 0.6910578993112415 0.7224085396016713 0.7358289000670779 0.7715921448119062 0.8133552460089256 0.8348828186964365 0.8486064404292096 0.8667739011451688 0.88466979887946 0.9121704864472949 0.9253865515410428 0.9387827303753825 0.963973380212983 0.9950630317622815 1.0368360134765024 1.0667017261852383 1.0772556349196312 1.1558418040649496 1.1711771448112898 1.3521365935400196 1.4866017658565636
70 1120 0.03827523322853248 1.480218388009921 0.640046536561702 0.640046536561702 0.67914730424164 0.7220876530391338 0.7304225138738791 0.773916757342859 0.8174106300124399 0.8322635069197194 0.8540483342412443 0.8692298890050197 0.8815258749728696 0.9059255957806455 0.9272731847763509 0.9549497513950248 0.9631966995496962 0.9899732766384514 1.0425262111067892 1.0683648966689068 1.0751030332418277 1.156306333644904 1.1751211653744014 1.3409542161230663 1.480218388009921
71 1136 0.03671793988740035 1.4763765474948192 0.6368073027226354 0.6368073027226354 0.672582854332815 0.7185552268197288 0.7328275473160624 0.7691375305928345 0.8116619398850945 0.8325095774988998 0.8541707174811662 0.8652770805513605 0.8817433461047199 0.9039450145806934 0.9216715245276367 0.9538288538059649 0.9618080337003169 0.9863117130023441 1.0369033214429626 1.0687838436612485 1.0737837772616297 1.157872501006227 1.1804075912810768 1.343947218482455 1.4763765474948192
72 1152 0.035809861024617015 1.48188327446565 0.6370393171070385 0.6370393171070385 0.6569216386465081 0.7134341375199779 0.7349373996561858 0.7612586171076567 0.809514787226516 0.8317460367937284 0.8475673315194734 0.8640321241313748 0.8783388538594681 0.9048927347348825 0.9239311038595505 0.9441826032162257 0.9633013447628527 0.9840853917277989 1.0428400195711518 1.0682669041207293 1.0788569308242701 1.1581324653179867 1.1772117169149168 1.332670362658959 1.48188327446565
73 1168 0.03543728340143269 1.4663058204490529 0.6365728908788515 0.6365728908788515 0.651427209975637 0.7050499262777277 0.7360959769117065 0.7584528247580591 0.8077406987666501 0.8306980620825285 0.850436754733273 0.8631500149425094 0.8784397387738336 0.903666260191659 0.9244460460406044 0.9419228355413753 0.9683151324527515 0.9886874605561069 1.0423040555693983 1.0732268113909018 1.0847404175631303 1.1478591728709047 1.171102053336761 1.3438163154619815 1.4663058204490529
74 1184 0.03480299753605857 1.4630357175707074 0.6384321975264011 0.6384321975264011 0.6537243146125619 0.701504605127958 0.7323547056946251 0.7614135229659704 0.8116455408843193 0.8288668738377487 0.8463762076178115 0.8581129662250728 0.8723040607498355 0.9029276408670376 0.92086212109575 0.949357675701565 0.9636433500190112 0.9862783050215167 1.0407028990559177 1.0783173431557995 1.0946575856083236 1.1510737063553378 1.1691082054344444 1.330219877105001 1.4630357175707074
75 1200 0.03422615881781861 1.464547746657562 0.6388116727304627 0.6388116727304627 0.6516125148574478 0.700809716591498 0.7261230989196643 0.7590963287856494 0.8115587267168813 0.8213551307470686 0.8388790954821914 0.8640140016291493 0.8774488005060715 0.9069566457534377 0.9255278981825658 0.9454720587736434 0.9696419805984814 0.9833187483701304 1.0366842581129012 1.0795710726209056 1.0877099629680937 1.157685322343221 1.1747043426322374 1.328619295830164 1.464547746657562
76 1216 0.0337436085473369 1.4716972689334344 0.6406698946281647 0.6406698946281647 0.6515947185671753 0.6979744732613723 0.7206011371405224 0.7528305512897896 0.8107830937574869 0.8219475800050752 0.8334897186213228 0.8613316622905857 0.8762555399227095 0.8908657789194377 0.9324646155420866 0.9444737402601201 0.9717005953567144 0.9804547153731346 1.0353624401583639 1.082765321448579 1.0921015333680615 1.15054993593147 1.1743361513329833 1.3348960845614248 1.4716972689334344
77 1232 0.03286096069938365 1.447365745846551 0.6392685191226603 0.6392685191226603 0.6518209550449978 0.6991102925110552 0.718354693352943 0.7560097035280692 0.8108409648577369 0.8159550125537663 0.837330504292703 0.8607602514282211 0.8743022429131653 0.8896615456818957 0.9298338747276981 0.9457773641796661 0.971784277273622 0.984064573896501 1.0277368140114684 1.0825758429986518 1.096389327934177 1.1517039509349636 1.1718415686268129 1.3306594713164872 1.447365745846551
78 1248 0.03312298742418305 1.4412688873685002 0.6375700488409395 0.6375700488409395 0.6471837706545155 0.6910177713989384 0.720515746333835 0.7552907227711867 0.80957801231018 0.8169169343551762 0.8291232373590746 0.849044144783728 0.8711967531574227 0.8761625001730226 0.928412128438756 0.94897670983767 0.9691391799660033 0.9815798084014595 1.0377330163821923 1.0820391346499885 1.0913555056025226 1.1541313904512687 1.179441820026991 1.3361584944438525 1.4412688873685002
79 1264 0.03183787716268812 1.4346161619230409 0.6368393444592169 0.6368393444592169 0.6433149353871117 0.6851168361089511 0.7239389527382346 0.7606751420811821 0.8146738452626979 0.8191483485906802 0.8383206025416354 0.8409997526765913 0.8657447901378853 0.8918258020676634 0.9252774374652439 0.942428895542576 0.9684152434570826 0.9870556922074113 1.042315477048382 1.070645603823547 1.1034405905766769 1.1519358925070922 1.1704732555111124 1.3371907561379122 1.4346161619230409
80 1280 0.030557933709166974 1.4357672131646264 0.6355264913319448 0.6355264913319448 0.642523410031906 0.6864959209952493 0.721839379520223 0.7595657541437032 0.8090556984992124 0.8171306311092489 0.8357004484552668 0.8433976370862283 0.8594108212178287 0.9037623395092 0.9179953665529662 0.9375380649188575 0.9680062702204438 0.9856964396096969 1.03464594129177 1.063983414482274 1.1074959874070769 1.150504352080927 1.1668265780686315 1.3269829834486049 1.4357672131646264
81 1296 0.02916833618010173 1.4186046388224471 0.6287289242739772 0.6287289242739772 0.6431490876407873 0.6863082271267208 0.722057642829057 0.7598369951568882 0.808950552675062 0.8198096349450156 0.8318814556122109 0.8432368679991308 0.8519763514211901 0.9048723476651904 0.9260893164208398 0.9395840137697804 0.9557870024637188 0.9846154890552792 1.0296024314738925 1.0674223606387354 1.1011053344386796 1.1428464167136856 1.1684887542563434 1.3193672974185733 1.4186046388224471
82 1312 0.029038228415106906 1.413525139948531 0.6288222038822291 0.6288222038822291 0.6413421279042162 0.6834071823074486 0.7211071086035704 0.7541232916189374 0.7997781345937389 0.8175016778154759 0.8246839755875816 0.8444674822141208 0.8506688861231368 0.9092908805021546 0.9256563475711057 0.9366733585519751 0.9550803244197875 0.9869803178336728 1.0200922374324823 1.0480902908881862 1.1013655300601337 1.1376839093367996 1.1660625166714913 1.3216631324527222 1.413525139948531
83 1328 0.028549441649203647 1.4165623785141033 0.6280062160937567 0.6280062160937567 0.6387263444235767 0.685458917907199 0.7207096831913915 0.7530697203991626 0.7979803516495221 0.8135664805677644 0.8212688380218391 0.844948163206991 0.8528702376908532 0.9049921401022623 0.9236843806934152 0.936670010670476 0.9740189137976254 0.9909694582373867 1.023265862974064 1.0398298777092283 1.0909808958863723 1.131574886403264 1.1673426685804087 1.319542991244559 1.4165623785141033
84 1344 0.028257423134549448 1.4411437582459936 0.6254889395324149 0.6254889395324149 0.6338459094248486 0.6843574346729321 0.72187263473602 0.7501656714691797 0.7949635689739263 0.8117890623672782 0.8281595798611191 0.8378780338842071 0.8513163514567235 0.90447958493178 0.9196378192721564 0.9408015388112586 0.9845688128047881 0.9892946262501388 1.0175985325203842 1.041500816729488 1.0859827377175701 1.124984293611324 1.168259694047965 1.3105730787060448 1.4411437582459936
85 1360 0.027850789277109583 1.4567686306861583 0.6200039789935018 0.6200039789935018 0.6279584542611039 0.6838005858519779 0.7169160946487845 0.7432424988918117 0.7991121703672894 0.8111125939517053 0.8279881210118752 0.8401359510486108 0.8523834134897577 0.8984105448740062 0.9154551926236141 0.9400258126398215 0.9783603319968833 0.9872372042941299 1.0233261735460615 1.0385511616648684 1.0799848888681158 1.1203865205752384 1.1694832454969513 1.305466012846501 1.4567686306861583
86 1376 0.027151841058837188 1.4674360946233338 0.6185277470797841 0.6185277470797841 0.6243643964550769 0.6853045885303766 0.7155440965106046 0.7411950658079521 0.7982941360572356 0.8068419715557653 0.8282335599368291 0.8392106384204876 0.8516404892298004 0.9004204612370704 0.9141397830841301 0.9391780246699906 0.9697845536531672 0.9835971507537498 1.0227110976400324 1.041643813373611 1.0738805113500245 1.1175987947228183 1.1593918875857165 1.3016157963812096 1.4674360946233338
87 1392 0.0267694387334025 1.4603666155707224 0.6189465314172002 0.6189465314172002 0.6229626415905118 0.684610382210409 0.7098679339353046 0.747283386658561 0.7862912392723954 0.8064761538661169 0.8345849688233106 0.8373914529554266 0.8469936508575047 0.8964857808799702 0.9168638461310348 0.9392519007885455 0.9684071499693068 0.9865867851236769 1.0124865122594777 1.0527654222771194 1.0726516727149116 1.128522673757103 1.1635012090120662 1.2942869207223602 1.4603666155707224
88 1408 0.026148569203272687 1.469764524969441 0.6166085335027155 0.6166085335027155 0.624292643046291 0.6761876701995188 0.7032186754818619 0.7449632092213628 0.7848330168556578 0.8137894994105708 0.833687984886454 0.8370740310025395 0.844393445352894 0.888281531510765 0.9186306841249849 0.9427516071109399 0.9604470942545127 0.9816511460710604 1.0108786074563785 1.0565179872669128 1.0781809085816414 1.1297117260908784 1.1811894483081504 1.2941117081587992 1.469764524969441
89 1424 0.026492906365238475 1.4747724890642677 0.6161952178796791 0.6161952178796791 0.6198878350235254 0.6814618197219944 0.6957720970177158 0.740419301183911 0.782319704908595 0.8143899303716124 0.8300176695542304 0.8329541827062468 0.8330904216881627 0.8816182701312011 0.9231116853168712 0.9456103788597839 0.9571108245205818 0.9835656945274773 1.0131498416744324 1.0551166138924089 1.0708165899611366 1.1288231085792073 1.19336581756771 1.2956541687865957 1.4747724890642677
90 1440 0.027063470259953544 1.4762853842103005 0.6176076557367581 0.6176076557367581 0.618010844002821 0.6836687246928138 0.6984109775757856 0.7408960012182484 0.7689950207844939 0.8176099940485223 0.8288717782644183 0.8294668414260175 0.8346057635076662 0.8851396334864677 0.9209291058013471 0.9470907742841967 0.965173687778259 0.9902378146919273 1.0065688880222263 1.0568928091714072 1.0738576618101008 1.1381625877112551 1.1980744591949002 1.2915572961091892 1.4762853842103005
91 1456 0.027540584783160446 1.4868473780154383 0.616737718299487 0.616737718299487 0.6230011034502158 0.6861683281262585 0.694535988364994 0.7386989496716605 0.7641428160100052 0.8114819273693078 0.8166919528991251 0.8295548226978692 0.8357257228216988 0.8875534704544764 0.9239665169940291 0.9471977212208872 0.9695664496222159 0.9868201287143271 1.0033489613124305 1.0605687950138172 1.0674389924791483 1.1236231274469923 1.2009998668128792 1.3099987667069442 1.4868473780154383
92 1472 0.02792651071226896 1.5027307163763666 0.6108859969355566 0.6108859969355566 0.6197052948665955 0.6905317400477424 0.6963206931097804 0.7377196149609757 0.7529890554095464 0.806611579117482 0.8139443198516153 0.8335940766407199 0.8372965494944756 0.8879665444110778 0.9190590106691209 0.9502318450472791 0.9663156899448972 0.990479972802904 1.000537589409687 1.052283501108554 1.071613854348816 1.1210716078499676 1.2060735006227696 1.3154186743120924 1.5027307163763666
93 1488 0.028686417545611135 1.5219226494938203 0.6118356393863814 0.6118356393863814 0.6177424012601038 0.6888834797608429 0.6897747342323233 0.7403920332692481 0.7648498991858529 0.7985907428568569 0.8121473520051918 0.8260298253964276 0.8378495457418994 0.8889746046665872 0.9099047785035642 0.949843967194763 0.9655799416312967 0.9942424122533322 1.0008157497825576 1.045167271151768 1.0722577519211327 1.119994390648859 1.207047281781483 1.3066649620519217 1.5219226494938203
94 1504 0.02859130327218948 1.5464759647096853 0.6078959913719539 0.6078959913719539 0.6141206376705391 0.6863518321822196 0.6899117008757782 0.7441232627236706 0.7597736989740282 0.7988097788802185 0.8113893678265995 0.8173726481643118 0.8346433005857895 0.889539518733856 0.9129159911556762 0.9443011585417657 0.9528671547302703 0.9952706465602071 1.0012947032902324 1.0436634169378003 1.077864810320015 1.1103908899615498 1.2091060844570083 1.2977231123517166 1.5464759647096853
95 1520 0.028915555926825313 1.5610972592311891 0.5991532239487631 0.5991532239487631 0.6113716866235231 0.6812280577669594 0.6883677819707968 0.7400907146272591 0.7573433759963855 0.788409592843296 0.8105770035326904 0.8171798392188172 0.8347547741958888 0.8913121781883201 0.9172466256097384 0.9412976350620921 0.9499231209694702 0.9925163196726215 0.9984165859236561 1.0484702534664112 1.0872004287103583 1.1135962912882198 1.2217099975266064 1.2954356647975234 1.5610972592311891
96 1536 0.028194316405099746 1.5755369912180615 0.601664631261924 0.601664631261924 0.618025881364814 0.6780353287416837 0.6800663891931282 0.7363097057719961 0.7580746386855212 0.784362644974851 0.8034309479819798 0.8161561068214679 0.838118617502136 0.8899234416585838 0.9124798928145398 0.93708780950715 0.9553852364493295 0.9844946272574332 0.9998585711386583 1.0494010775506937 1.091026051386337 1.1221775352991903 1.210105408973808 1.30379093531815 1.5755369912180615
97 1552 0.027612762487765546 1.5870927033307096 0.6011021183356453 0.6011021183356453 0.6156597775351754 0.6786171021654939 0.681079081998268 0.7375537221449354 0.7603119699976129 0.7895058485531357 0.8057603158485893 0.8126597069058061 0.8355588892236355 0.881602251939715 0.91172851531232 0.9302096033356615 0.9523687830827707 0.9646487195429292 0.9956527722367955 1.049722093601685 1.0866692285316066 1.119239500746763 1.2068351026019941 1.3007302296500431 1.5870927033307096
98 1568 0.027661377942066304 1.6025599584474037 0.5908259311924466 0.5908259311924466 0.6141071910126871 0.6730224235250404 0.6852838138647248 0.7349248269205259 0.7556184085006304 0.7878407820280489 0.801208368619328 0.811591826743399 0.8361622712174526 0.8796925635020449 0.9112077535663081 0.9339585065288825 0.9477490941931547 0.9680617842775293 0.982601611059789 1.0457410606341986 1.0873537754964817 1.1177990455211897 1.216047302289934 1.2914348789094454 1.6025599584474037
99 1584 0.026593007199972415 1.6111890530583657 0.5915695276461783 0.5915695276461783 0.6147993552356723 0.6731678239680501 0.674902050181707 0.7310736435582404 0.7510263975863599 0.7867504013052117 0.8041401970880355 0.807153768453847 0.8396209627437151 0.870352619556936 0.9097140967833914 0.9332853239749057 0.9516778872483468 0.9659634135503284 0.9781230272790792 1.0481761438971147 1.0923292553213064 1.1279614161969096 1.2200972967438242 1.288947109743145 1.6111890530583657
100 1600 0.026046704249136347 1.5985023478837472 0.5822593645846996 0.5822593645846996 0.6133142128727687 0.6691411136776736 0.6730891742518778 0.7294513229447256 0.7480512817528413 0.7828988711320352 0.7984022719391686 0.8088371181519715 0.8385191570867706 0.8666511732987554 0.9029512027870533 0.933007702247955 0.9539872887495415 0.9708277594274682 0.985512875827313 1.0490346359883627 1.0961312004558224 1.1221879769855223 1.2237000353472467 1.2913229395264212 1.5985023478837472
