% # columns="iteration, evaluation, min max(neg(.)) min(pos(.)) max correlation, correlation matrix principal axes lengths  (sorted square roots of eigenvalues of correlation matrix)", seed=161168, Wed Nov 26 12:23:00 2025
1 16 -0.02048490650271577 -0.004800114537998028 0.005880726353798736 0.03160996115208139 0.9546686661856989 0.970658464760968 0.9799458610317329 0.9837061181174305 0.9846144479198887 0.9873967209119787 0.9928961636767278 0.9963725992786008 0.9982599690604443 0.9991183883904678 1.000172017247182 1.0012812605809387 1.0025015266001067 1.0033407043203164 1.004101926862859 1.0045796343683604 1.006386760074847 1.0076358368490734 1.0102063338651974 1.016336589935592 1.0244312546604515 1.0665866520501335
2 32 -0.0308755873668559 -0.006171826500650746 0.01134427117309605 0.03794424775388013 0.9546686661856989 0.970658464760968 0.9799458610317329 0.9837061181174305 0.9846144479198887 0.9873967209119787 0.9928961636767278 0.9963725992786008 0.9982599690604443 0.9991183883904678 1.000172017247182 1.0012812605809387 1.0025015266001067 1.0033407043203164 1.004101926862859 1.0045796343683604 1.006386760074847 1.0076358368490734 1.0102063338651974 1.016336589935592 1.0244312546604515 1.0665866520501335
3 48 -0.041831001192176726 -0.005188401931105107 0.015686105527954047 0.05420488265321832 0.9546686661856989 0.970658464760968 0.9799458610317329 0.9837061181174305 0.9846144479198887 0.9873967209119787 0.9928961636767278 0.9963725992786008 0.9982599690604443 0.9991183883904678 1.000172017247182 1.0012812605809387 1.0025015266001067 1.0033407043203164 1.004101926862859 1.0045796343683604 1.006386760074847 1.0076358368490734 1.0102063338651974 1.016336589935592 1.0244312546604515 1.0665866520501335
4 64 -0.043118782244300186 -0.0053508077105781275 0.023384163764549534 0.06872667712697587 0.9546686661856989 0.970658464760968 0.9799458610317329 0.9837061181174305 0.9846144479198887 0.9873967209119787 0.9928961636767278 0.9963725992786008 0.9982599690604443 0.9991183883904678 1.000172017247182 1.0012812605809387 1.0025015266001067 1.0033407043203164 1.004101926862859 1.0045796343683604 1.006386760074847 1.0076358368490734 1.0102063338651974 1.016336589935592 1.0244312546604515 1.0665866520501335
5 80 -0.040765600178235335 -0.004581209873216143 0.02424285530649439 0.07557286108874846 0.9546686661856989 0.970658464760968 0.9799458610317329 0.9837061181174305 0.9846144479198887 0.9873967209119787 0.9928961636767278 0.9963725992786008 0.9982599690604443 0.9991183883904678 1.000172017247182 1.0012812605809387 1.0025015266001067 1.0033407043203164 1.004101926862859 1.0045796343683604 1.006386760074847 1.0076358368490734 1.0102063338651974 1.016336589935592 1.0244312546604515 1.0665866520501335
6 96 -0.04840375538750416 -0.005856695869372559 0.02893029925084607 0.08424717542601246 0.9546686661856989 0.970658464760968 0.9799458610317329 0.9837061181174305 0.9846144479198887 0.9873967209119787 0.9928961636767278 0.9963725992786008 0.9982599690604443 0.9991183883904678 1.000172017247182 1.0012812605809387 1.0025015266001067 1.0033407043203164 1.004101926862859 1.0045796343683604 1.006386760074847 1.0076358368490734 1.0102063338651974 1.016336589935592 1.0244312546604515 1.0665866520501335
7 112 -0.06741872693501576 -0.010333934214871762 0.034245645609312085 0.10633829176085897 0.9546686661856989 0.970658464760968 0.9799458610317329 0.9837061181174305 0.9846144479198887 0.9873967209119787 0.9928961636767278 0.9963725992786008 0.9982599690604443 0.9991183883904678 1.000172017247182 1.0012812605809387 1.0025015266001067 1.0033407043203164 1.004101926862859 1.0045796343683604 1.006386760074847 1.0076358368490734 1.0102063338651974 1.016336589935592 1.0244312546604515 1.0665866520501335
8 128 -0.07987954842977163 -0.016277613052261237 0.04122029078974787 0.10495794259840077 0.9546686661856989 0.970658464760968 0.9799458610317329 0.9837061181174305 0.9846144479198887 0.9873967209119787 0.9928961636767278 0.9963725992786008 0.9982599690604443 0.9991183883904678 1.000172017247182 1.0012812605809387 1.0025015266001067 1.0033407043203164 1.004101926862859 1.0045796343683604 1.006386760074847 1.0076358368490734 1.0102063338651974 1.016336589935592 1.0244312546604515 1.0665866520501335
9 144 -0.09077531117748167 -0.01756894188410163 0.04499433223215038 0.12656466823678006 0.9546686661856989 0.970658464760968 0.9799458610317329 0.9837061181174305 0.9846144479198887 0.9873967209119787 0.9928961636767278 0.9963725992786008 0.9982599690604443 0.9991183883904678 1.000172017247182 1.0012812605809387 1.0025015266001067 1.0033407043203164 1.004101926862859 1.0045796343683604 1.006386760074847 1.0076358368490734 1.0102063338651974 1.016336589935592 1.0244312546604515 1.0665866520501335
10 160 -0.09929155318774179 -0.01731535903324488 0.05164383633987188 0.13552217475058753 0.9546686661856989 0.970658464760968 0.9799458610317329 0.9837061181174305 0.9846144479198887 0.9873967209119787 0.9928961636767278 0.9963725992786008 0.9982599690604443 0.9991183883904678 1.000172017247182 1.0012812605809387 1.0025015266001067 1.0033407043203164 1.004101926862859 1.0045796343683604 1.006386760074847 1.0076358368490734 1.0102063338651974 1.016336589935592 1.0244312546604515 1.0665866520501335
11 176 -0.09279315100612401 -0.020225902697377313 0.05745546727251422 0.15582895555594517 0.9546686661856989 0.970658464760968 0.9799458610317329 0.9837061181174305 0.9846144479198887 0.9873967209119787 0.9928961636767278 0.9963725992786008 0.9982599690604443 0.9991183883904678 1.000172017247182 1.0012812605809387 1.0025015266001067 1.0033407043203164 1.004101926862859 1.0045796343683604 1.006386760074847 1.0076358368490734 1.0102063338651974 1.016336589935592 1.0244312546604515 1.0665866520501335
12 192 -0.09094455127643619 -0.018723051721932154 0.05816217708016429 0.17296415892881395 0.9546686661856989 0.970658464760968 0.9799458610317329 0.9837061181174305 0.9846144479198887 0.9873967209119787 0.9928961636767278 0.9963725992786008 0.9982599690604443 0.9991183883904678 1.000172017247182 1.0012812605809387 1.0025015266001067 1.0033407043203164 1.004101926862859 1.0045796343683604 1.006386760074847 1.0076358368490734 1.0102063338651974 1.016336589935592 1.0244312546604515 1.0665866520501335
13 208 -0.10292295833955387 -0.019086165120130373 0.05862016779364936 0.1935309685457408 0.9546686661856989 0.970658464760968 0.9799458610317329 0.9837061181174305 0.9846144479198887 0.9873967209119787 0.9928961636767278 0.9963725992786008 0.9982599690604443 0.9991183883904678 1.000172017247182 1.0012812605809387 1.0025015266001067 1.0033407043203164 1.004101926862859 1.0045796343683604 1.006386760074847 1.0076358368490734 1.0102063338651974 1.016336589935592 1.0244312546604515 1.0665866520501335
14 224 -0.11305976063712875 -0.021082597683214355 0.05651219816771446 0.20285446130223295 0.9546686661856989 0.970658464760968 0.9799458610317329 0.9837061181174305 0.9846144479198887 0.9873967209119787 0.9928961636767278 0.9963725992786008 0.9982599690604443 0.9991183883904678 1.000172017247182 1.0012812605809387 1.0025015266001067 1.0033407043203164 1.004101926862859 1.0045796343683604 1.006386760074847 1.0076358368490734 1.0102063338651974 1.016336589935592 1.0244312546604515 1.0665866520501335
15 240 -0.12896234986093197 -0.018600805833072626 0.060006457412739266 0.21249793282397017 0.9546686661856989 0.970658464760968 0.9799458610317329 0.9837061181174305 0.9846144479198887 0.9873967209119787 0.9928961636767278 0.9963725992786008 0.9982599690604443 0.9991183883904678 1.000172017247182 1.0012812605809387 1.0025015266001067 1.0033407043203164 1.004101926862859 1.0045796343683604 1.006386760074847 1.0076358368490734 1.0102063338651974 1.016336589935592 1.0244312546604515 1.0665866520501335
16 256 -0.13115331143712522 -0.019605577244016497 0.06193062937355004 0.1981859938953453 0.9546686661856989 0.970658464760968 0.9799458610317329 0.9837061181174305 0.9846144479198887 0.9873967209119787 0.9928961636767278 0.9963725992786008 0.9982599690604443 0.9991183883904678 1.000172017247182 1.0012812605809387 1.0025015266001067 1.0033407043203164 1.004101926862859 1.0045796343683604 1.006386760074847 1.0076358368490734 1.0102063338651974 1.016336589935592 1.0244312546604515 1.0665866520501335
17 272 -0.12686619759998477 -0.019249007886939173 0.06152710862513161 0.19441394189922204 0.9546686661856989 0.970658464760968 0.9799458610317329 0.9837061181174305 0.9846144479198887 0.9873967209119787 0.9928961636767278 0.9963725992786008 0.9982599690604443 0.9991183883904678 1.000172017247182 1.0012812605809387 1.0025015266001067 1.0033407043203164 1.004101926862859 1.0045796343683604 1.006386760074847 1.0076358368490734 1.0102063338651974 1.016336589935592 1.0244312546604515 1.0665866520501335
18 288 -0.13342649707872067 -0.018118642823806895 0.059679276116102395 0.18550183692373612 0.9546686661856989 0.970658464760968 0.9799458610317329 0.9837061181174305 0.9846144479198887 0.9873967209119787 0.9928961636767278 0.9963725992786008 0.9982599690604443 0.9991183883904678 1.000172017247182 1.0012812605809387 1.0025015266001067 1.0033407043203164 1.004101926862859 1.0045796343683604 1.006386760074847 1.0076358368490734 1.0102063338651974 1.016336589935592 1.0244312546604515 1.0665866520501335
19 304 -0.13599420601678158 -0.018843499345411265 0.061174786603059014 0.1788767322302421 0.9546686661856989 0.970658464760968 0.9799458610317329 0.9837061181174305 0.9846144479198887 0.9873967209119787 0.9928961636767278 0.9963725992786008 0.9982599690604443 0.9991183883904678 1.000172017247182 1.0012812605809387 1.0025015266001067 1.0033407043203164 1.004101926862859 1.0045796343683604 1.006386760074847 1.0076358368490734 1.0102063338651974 1.016336589935592 1.0244312546604515 1.0665866520501335
20 320 -0.13398651602190834 -0.019452575585634648 0.05900526260725503 0.18542348482076462 0.9546686661856989 0.970658464760968 0.9799458610317329 0.9837061181174305 0.9846144479198887 0.9873967209119787 0.9928961636767278 0.9963725992786008 0.9982599690604443 0.9991183883904678 1.000172017247182 1.0012812605809387 1.0025015266001067 1.0033407043203164 1.004101926862859 1.0045796343683604 1.006386760074847 1.0076358368490734 1.0102063338651974 1.016336589935592 1.0244312546604515 1.0665866520501335
21 336 -0.14044094889412223 -0.01873106377541613 0.06055180099499927 0.18943706819062492 0.9546686661856989 0.970658464760968 0.9799458610317329 0.9837061181174305 0.9846144479198887 0.9873967209119787 0.9928961636767278 0.9963725992786008 0.9982599690604443 0.9991183883904678 1.000172017247182 1.0012812605809387 1.0025015266001067 1.0033407043203164 1.004101926862859 1.0045796343683604 1.006386760074847 1.0076358368490734 1.0102063338651974 1.016336589935592 1.0244312546604515 1.0665866520501335
22 352 -0.1410216835564745 -0.017119303510368493 0.060719949790228114 0.19400560880413306 0.9546686661856989 0.970658464760968 0.9799458610317329 0.9837061181174305 0.9846144479198887 0.9873967209119787 0.9928961636767278 0.9963725992786008 0.9982599690604443 0.9991183883904678 1.000172017247182 1.0012812605809387 1.0025015266001067 1.0033407043203164 1.004101926862859 1.0045796343683604 1.006386760074847 1.0076358368490734 1.0102063338651974 1.016336589935592 1.0244312546604515 1.0665866520501335
23 368 -0.1433668499660534 -0.015296832186226239 0.05727714119171876 0.19732110301494465 0.8046344138025252 0.8193653008310968 0.8526876177139088 0.8599026811444561 0.8802098552898321 0.9063350333761379 0.9171324927272891 0.9397389665575822 0.9465763296961369 0.9560565706942896 0.9696919967182003 0.9791459999081353 0.9857531794074246 1.002854713371232 1.0122283357209259 1.0393491612226158 1.051920294784623 1.0582926552683174 1.0820038982933955 1.1072270985717496 1.1750814909125629 1.4487445070709903
24 384 -0.14331259829556844 -0.01682536031369764 0.06133209753933273 0.19178433999119812 0.8046344138025252 0.8193653008310968 0.8526876177139088 0.8599026811444561 0.8802098552898321 0.9063350333761379 0.9171324927272891 0.9397389665575822 0.9465763296961369 0.9560565706942896 0.9696919967182003 0.9791459999081353 0.9857531794074246 1.002854713371232 1.0122283357209259 1.0393491612226158 1.051920294784623 1.0582926552683174 1.0820038982933955 1.1072270985717496 1.1750814909125629 1.4487445070709903
25 400 -0.1420317429857873 -0.02120277577276647 0.06382045228552127 0.18413335345197426 0.8046344138025252 0.8193653008310968 0.8526876177139088 0.8599026811444561 0.8802098552898321 0.9063350333761379 0.9171324927272891 0.9397389665575822 0.9465763296961369 0.9560565706942896 0.9696919967182003 0.9791459999081353 0.9857531794074246 1.002854713371232 1.0122283357209259 1.0393491612226158 1.051920294784623 1.0582926552683174 1.0820038982933955 1.1072270985717496 1.1750814909125629 1.4487445070709903
26 416 -0.1505320086835655 -0.02059626998070354 0.06367443046598412 0.1840418510891789 0.8046344138025252 0.8193653008310968 0.8526876177139088 0.8599026811444561 0.8802098552898321 0.9063350333761379 0.9171324927272891 0.9397389665575822 0.9465763296961369 0.9560565706942896 0.9696919967182003 0.9791459999081353 0.9857531794074246 1.002854713371232 1.0122283357209259 1.0393491612226158 1.051920294784623 1.0582926552683174 1.0820038982933955 1.1072270985717496 1.1750814909125629 1.4487445070709903
27 432 -0.15114192616153926 -0.02377793399369247 0.06780729587737336 0.18585768759062396 0.8046344138025252 0.8193653008310968 0.8526876177139088 0.8599026811444561 0.8802098552898321 0.9063350333761379 0.9171324927272891 0.9397389665575822 0.9465763296961369 0.9560565706942896 0.9696919967182003 0.9791459999081353 0.9857531794074246 1.002854713371232 1.0122283357209259 1.0393491612226158 1.051920294784623 1.0582926552683174 1.0820038982933955 1.1072270985717496 1.1750814909125629 1.4487445070709903
28 448 -0.15989497975430944 -0.018561755518203788 0.06413193560972899 0.1934660462922649 0.8046344138025252 0.8193653008310968 0.8526876177139088 0.8599026811444561 0.8802098552898321 0.9063350333761379 0.9171324927272891 0.9397389665575822 0.9465763296961369 0.9560565706942896 0.9696919967182003 0.9791459999081353 0.9857531794074246 1.002854713371232 1.0122283357209259 1.0393491612226158 1.051920294784623 1.0582926552683174 1.0820038982933955 1.1072270985717496 1.1750814909125629 1.4487445070709903
29 464 -0.1665529203108401 -0.020070287137201798 0.06721384235849007 0.20636807463266094 0.8046344138025252 0.8193653008310968 0.8526876177139088 0.8599026811444561 0.8802098552898321 0.9063350333761379 0.9171324927272891 0.9397389665575822 0.9465763296961369 0.9560565706942896 0.9696919967182003 0.9791459999081353 0.9857531794074246 1.002854713371232 1.0122283357209259 1.0393491612226158 1.051920294784623 1.0582926552683174 1.0820038982933955 1.1072270985717496 1.1750814909125629 1.4487445070709903
30 480 -0.1707386672666241 -0.021126288506664398 0.07032901827531415 0.20187345413475555 0.8046344138025252 0.8193653008310968 0.8526876177139088 0.8599026811444561 0.8802098552898321 0.9063350333761379 0.9171324927272891 0.9397389665575822 0.9465763296961369 0.9560565706942896 0.9696919967182003 0.9791459999081353 0.9857531794074246 1.002854713371232 1.0122283357209259 1.0393491612226158 1.051920294784623 1.0582926552683174 1.0820038982933955 1.1072270985717496 1.1750814909125629 1.4487445070709903
31 496 -0.168075206132014 -0.02741556744621636 0.06671510987102075 0.20475589612305412 0.8046344138025252 0.8193653008310968 0.8526876177139088 0.8599026811444561 0.8802098552898321 0.9063350333761379 0.9171324927272891 0.9397389665575822 0.9465763296961369 0.9560565706942896 0.9696919967182003 0.9791459999081353 0.9857531794074246 1.002854713371232 1.0122283357209259 1.0393491612226158 1.051920294784623 1.0582926552683174 1.0820038982933955 1.1072270985717496 1.1750814909125629 1.4487445070709903
32 512 -0.17786019156845448 -0.029391267927258546 0.06524420729737448 0.20587421407187936 0.8046344138025252 0.8193653008310968 0.8526876177139088 0.8599026811444561 0.8802098552898321 0.9063350333761379 0.9171324927272891 0.9397389665575822 0.9465763296961369 0.9560565706942896 0.9696919967182003 0.9791459999081353 0.9857531794074246 1.002854713371232 1.0122283357209259 1.0393491612226158 1.051920294784623 1.0582926552683174 1.0820038982933955 1.1072270985717496 1.1750814909125629 1.4487445070709903
33 528 -0.17629641637379315 -0.02713168016756594 0.065449000308441 0.21139430538624812 0.8046344138025252 0.8193653008310968 0.8526876177139088 0.8599026811444561 0.8802098552898321 0.9063350333761379 0.9171324927272891 0.9397389665575822 0.9465763296961369 0.9560565706942896 0.9696919967182003 0.9791459999081353 0.9857531794074246 1.002854713371232 1.0122283357209259 1.0393491612226158 1.051920294784623 1.0582926552683174 1.0820038982933955 1.1072270985717496 1.1750814909125629 1.4487445070709903
34 544 -0.1740335346350684 -0.027997046098633717 0.06465688109022064 0.21435723125312342 0.8046344138025252 0.8193653008310968 0.8526876177139088 0.8599026811444561 0.8802098552898321 0.9063350333761379 0.9171324927272891 0.9397389665575822 0.9465763296961369 0.9560565706942896 0.9696919967182003 0.9791459999081353 0.9857531794074246 1.002854713371232 1.0122283357209259 1.0393491612226158 1.051920294784623 1.0582926552683174 1.0820038982933955 1.1072270985717496 1.1750814909125629 1.4487445070709903
35 560 -0.17307888004072466 -0.03125057527739591 0.064273337477891 0.21346120811932687 0.8046344138025252 0.8193653008310968 0.8526876177139088 0.8599026811444561 0.8802098552898321 0.9063350333761379 0.9171324927272891 0.9397389665575822 0.9465763296961369 0.9560565706942896 0.9696919967182003 0.9791459999081353 0.9857531794074246 1.002854713371232 1.0122283357209259 1.0393491612226158 1.051920294784623 1.0582926552683174 1.0820038982933955 1.1072270985717496 1.1750814909125629 1.4487445070709903
36 576 -0.17556980912715808 -0.028444576633310653 0.06560381244980895 0.2196863373509172 0.8046344138025252 0.8193653008310968 0.8526876177139088 0.8599026811444561 0.8802098552898321 0.9063350333761379 0.9171324927272891 0.9397389665575822 0.9465763296961369 0.9560565706942896 0.9696919967182003 0.9791459999081353 0.9857531794074246 1.002854713371232 1.0122283357209259 1.0393491612226158 1.051920294784623 1.0582926552683174 1.0820038982933955 1.1072270985717496 1.1750814909125629 1.4487445070709903
37 592 -0.18051531630633835 -0.024108117502690138 0.06478607776213434 0.22389450905096497 0.8046344138025252 0.8193653008310968 0.8526876177139088 0.8599026811444561 0.8802098552898321 0.9063350333761379 0.9171324927272891 0.9397389665575822 0.9465763296961369 0.9560565706942896 0.9696919967182003 0.9791459999081353 0.9857531794074246 1.002854713371232 1.0122283357209259 1.0393491612226158 1.051920294784623 1.0582926552683174 1.0820038982933955 1.1072270985717496 1.1750814909125629 1.4487445070709903
38 608 -0.17455585340617205 -0.02635065682752339 0.0667891479117022 0.21639565107303158 0.8046344138025252 0.8193653008310968 0.8526876177139088 0.8599026811444561 0.8802098552898321 0.9063350333761379 0.9171324927272891 0.9397389665575822 0.9465763296961369 0.9560565706942896 0.9696919967182003 0.9791459999081353 0.9857531794074246 1.002854713371232 1.0122283357209259 1.0393491612226158 1.051920294784623 1.0582926552683174 1.0820038982933955 1.1072270985717496 1.1750814909125629 1.4487445070709903
39 624 -0.17678393373494974 -0.027817996296281983 0.06723662093183459 0.21693083704003965 0.8046344138025252 0.8193653008310968 0.8526876177139088 0.8599026811444561 0.8802098552898321 0.9063350333761379 0.9171324927272891 0.9397389665575822 0.9465763296961369 0.9560565706942896 0.9696919967182003 0.9791459999081353 0.9857531794074246 1.002854713371232 1.0122283357209259 1.0393491612226158 1.051920294784623 1.0582926552683174 1.0820038982933955 1.1072270985717496 1.1750814909125629 1.4487445070709903
40 640 -0.18444938667360966 -0.026027572245546703 0.06782071266375046 0.21483380407668795 0.8046344138025252 0.8193653008310968 0.8526876177139088 0.8599026811444561 0.8802098552898321 0.9063350333761379 0.9171324927272891 0.9397389665575822 0.9465763296961369 0.9560565706942896 0.9696919967182003 0.9791459999081353 0.9857531794074246 1.002854713371232 1.0122283357209259 1.0393491612226158 1.051920294784623 1.0582926552683174 1.0820038982933955 1.1072270985717496 1.1750814909125629 1.4487445070709903
41 656 -0.18807297493943062 -0.02478208816536276 0.06823124217535914 0.2192397983792392 0.8046344138025252 0.8193653008310968 0.8526876177139088 0.8599026811444561 0.8802098552898321 0.9063350333761379 0.9171324927272891 0.9397389665575822 0.9465763296961369 0.9560565706942896 0.9696919967182003 0.9791459999081353 0.9857531794074246 1.002854713371232 1.0122283357209259 1.0393491612226158 1.051920294784623 1.0582926552683174 1.0820038982933955 1.1072270985717496 1.1750814909125629 1.4487445070709903
42 672 -0.19825317855458244 -0.026603337680343786 0.069368065468942 0.22027630745743207 0.8046344138025252 0.8193653008310968 0.8526876177139088 0.8599026811444561 0.8802098552898321 0.9063350333761379 0.9171324927272891 0.9397389665575822 0.9465763296961369 0.9560565706942896 0.9696919967182003 0.9791459999081353 0.9857531794074246 1.002854713371232 1.0122283357209259 1.0393491612226158 1.051920294784623 1.0582926552683174 1.0820038982933955 1.1072270985717496 1.1750814909125629 1.4487445070709903
43 688 -0.197905666144801 -0.026377398667807837 0.06597958359032519 0.21947956052418938 0.8046344138025252 0.8193653008310968 0.8526876177139088 0.8599026811444561 0.8802098552898321 0.9063350333761379 0.9171324927272891 0.9397389665575822 0.9465763296961369 0.9560565706942896 0.9696919967182003 0.9791459999081353 0.9857531794074246 1.002854713371232 1.0122283357209259 1.0393491612226158 1.051920294784623 1.0582926552683174 1.0820038982933955 1.1072270985717496 1.1750814909125629 1.4487445070709903
44 704 -0.20287936183416 -0.027830546345231612 0.0680718476643766 0.23434038473477942 0.8046344138025252 0.8193653008310968 0.8526876177139088 0.8599026811444561 0.8802098552898321 0.9063350333761379 0.9171324927272891 0.9397389665575822 0.9465763296961369 0.9560565706942896 0.9696919967182003 0.9791459999081353 0.9857531794074246 1.002854713371232 1.0122283357209259 1.0393491612226158 1.051920294784623 1.0582926552683174 1.0820038982933955 1.1072270985717496 1.1750814909125629 1.4487445070709903
45 720 -0.20190410536092954 -0.029774159390870827 0.06849842393979103 0.2369982889143426 0.7469127782571596 0.7637153534958201 0.7762942004328726 0.7994210958452493 0.8203433768332619 0.8484929065223917 0.8844994891360983 0.8994856924754002 0.9082242637781673 0.9455805710053775 0.9726685656666946 0.9836983153892048 0.9911822582474671 1.0053379286921176 1.0263670547451031 1.0475892606851884 1.0744258159171447 1.0839245444529118 1.1772636253569067 1.2102757876504626 1.2272822235094925 1.4730425563862026
46 736 -0.19023743584767921 -0.02980086970115978 0.07098912625442134 0.24962080376686777 0.7469127782571596 0.7637153534958201 0.7762942004328726 0.7994210958452493 0.8203433768332619 0.8484929065223917 0.8844994891360983 0.8994856924754002 0.9082242637781673 0.9455805710053775 0.9726685656666946 0.9836983153892048 0.9911822582474671 1.0053379286921176 1.0263670547451031 1.0475892606851884 1.0744258159171447 1.0839245444529118 1.1772636253569067 1.2102757876504626 1.2272822235094925 1.4730425563862026
47 752 -0.19548338350712247 -0.02698944527603449 0.07127315740080784 0.2591289519939956 0.7469127782571596 0.7637153534958201 0.7762942004328726 0.7994210958452493 0.8203433768332619 0.8484929065223917 0.8844994891360983 0.8994856924754002 0.9082242637781673 0.9455805710053775 0.9726685656666946 0.9836983153892048 0.9911822582474671 1.0053379286921176 1.0263670547451031 1.0475892606851884 1.0744258159171447 1.0839245444529118 1.1772636253569067 1.2102757876504626 1.2272822235094925 1.4730425563862026
48 768 -0.18921131566193214 -0.024720535559978284 0.0715592586578542 0.253331501313008 0.7469127782571596 0.7637153534958201 0.7762942004328726 0.7994210958452493 0.8203433768332619 0.8484929065223917 0.8844994891360983 0.8994856924754002 0.9082242637781673 0.9455805710053775 0.9726685656666946 0.9836983153892048 0.9911822582474671 1.0053379286921176 1.0263670547451031 1.0475892606851884 1.0744258159171447 1.0839245444529118 1.1772636253569067 1.2102757876504626 1.2272822235094925 1.4730425563862026
49 784 -0.18893549968573126 -0.028032468864015947 0.07429273319799974 0.2506831257767855 0.7469127782571596 0.7637153534958201 0.7762942004328726 0.7994210958452493 0.8203433768332619 0.8484929065223917 0.8844994891360983 0.8994856924754002 0.9082242637781673 0.9455805710053775 0.9726685656666946 0.9836983153892048 0.9911822582474671 1.0053379286921176 1.0263670547451031 1.0475892606851884 1.0744258159171447 1.0839245444529118 1.1772636253569067 1.2102757876504626 1.2272822235094925 1.4730425563862026
50 800 -0.1902540964196317 -0.028285760355359638 0.07471765989045845 0.25433153147785786 0.7469127782571596 0.7637153534958201 0.7762942004328726 0.7994210958452493 0.8203433768332619 0.8484929065223917 0.8844994891360983 0.8994856924754002 0.9082242637781673 0.9455805710053775 0.9726685656666946 0.9836983153892048 0.9911822582474671 1.0053379286921176 1.0263670547451031 1.0475892606851884 1.0744258159171447 1.0839245444529118 1.1772636253569067 1.2102757876504626 1.2272822235094925 1.4730425563862026
51 816 -0.21412353919384067 -0.030972739064339495 0.0759100152656863 0.25016932137196846 0.7469127782571596 0.7637153534958201 0.7762942004328726 0.7994210958452493 0.8203433768332619 0.8484929065223917 0.8844994891360983 0.8994856924754002 0.9082242637781673 0.9455805710053775 0.9726685656666946 0.9836983153892048 0.9911822582474671 1.0053379286921176 1.0263670547451031 1.0475892606851884 1.0744258159171447 1.0839245444529118 1.1772636253569067 1.2102757876504626 1.2272822235094925 1.4730425563862026
52 832 -0.20729065528976576 -0.03267030123117305 0.07209065892917146 0.2499654762236968 0.7469127782571596 0.7637153534958201 0.7762942004328726 0.7994210958452493 0.8203433768332619 0.8484929065223917 0.8844994891360983 0.8994856924754002 0.9082242637781673 0.9455805710053775 0.9726685656666946 0.9836983153892048 0.9911822582474671 1.0053379286921176 1.0263670547451031 1.0475892606851884 1.0744258159171447 1.0839245444529118 1.1772636253569067 1.2102757876504626 1.2272822235094925 1.4730425563862026
53 848 -0.21244086254228664 -0.03134737630991226 0.07396724300875832 0.23756121407455155 0.7469127782571596 0.7637153534958201 0.7762942004328726 0.7994210958452493 0.8203433768332619 0.8484929065223917 0.8844994891360983 0.8994856924754002 0.9082242637781673 0.9455805710053775 0.9726685656666946 0.9836983153892048 0.9911822582474671 1.0053379286921176 1.0263670547451031 1.0475892606851884 1.0744258159171447 1.0839245444529118 1.1772636253569067 1.2102757876504626 1.2272822235094925 1.4730425563862026
54 864 -0.21753865798400496 -0.031370946463048464 0.07272434080399535 0.23312986149006423 0.7469127782571596 0.7637153534958201 0.7762942004328726 0.7994210958452493 0.8203433768332619 0.8484929065223917 0.8844994891360983 0.8994856924754002 0.9082242637781673 0.9455805710053775 0.9726685656666946 0.9836983153892048 0.9911822582474671 1.0053379286921176 1.0263670547451031 1.0475892606851884 1.0744258159171447 1.0839245444529118 1.1772636253569067 1.2102757876504626 1.2272822235094925 1.4730425563862026
55 880 -0.22066923366554733 -0.040499814128857406 0.07607765629002972 0.2199566397566612 0.7469127782571596 0.7637153534958201 0.7762942004328726 0.7994210958452493 0.8203433768332619 0.8484929065223917 0.8844994891360983 0.8994856924754002 0.9082242637781673 0.9455805710053775 0.9726685656666946 0.9836983153892048 0.9911822582474671 1.0053379286921176 1.0263670547451031 1.0475892606851884 1.0744258159171447 1.0839245444529118 1.1772636253569067 1.2102757876504626 1.2272822235094925 1.4730425563862026
56 896 -0.21400025161872524 -0.038103398715388634 0.0757332705894917 0.2258354358419331 0.7469127782571596 0.7637153534958201 0.7762942004328726 0.7994210958452493 0.8203433768332619 0.8484929065223917 0.8844994891360983 0.8994856924754002 0.9082242637781673 0.9455805710053775 0.9726685656666946 0.9836983153892048 0.9911822582474671 1.0053379286921176 1.0263670547451031 1.0475892606851884 1.0744258159171447 1.0839245444529118 1.1772636253569067 1.2102757876504626 1.2272822235094925 1.4730425563862026
57 912 -0.21088868541484362 -0.041121361618626305 0.07680296076407857 0.22995705035702796 0.7469127782571596 0.7637153534958201 0.7762942004328726 0.7994210958452493 0.8203433768332619 0.8484929065223917 0.8844994891360983 0.8994856924754002 0.9082242637781673 0.9455805710053775 0.9726685656666946 0.9836983153892048 0.9911822582474671 1.0053379286921176 1.0263670547451031 1.0475892606851884 1.0744258159171447 1.0839245444529118 1.1772636253569067 1.2102757876504626 1.2272822235094925 1.4730425563862026
58 928 -0.21718971773670206 -0.04013652950030475 0.07520518477140417 0.22369887086150925 0.7469127782571596 0.7637153534958201 0.7762942004328726 0.7994210958452493 0.8203433768332619 0.8484929065223917 0.8844994891360983 0.8994856924754002 0.9082242637781673 0.9455805710053775 0.9726685656666946 0.9836983153892048 0.9911822582474671 1.0053379286921176 1.0263670547451031 1.0475892606851884 1.0744258159171447 1.0839245444529118 1.1772636253569067 1.2102757876504626 1.2272822235094925 1.4730425563862026
59 944 -0.23038453831990977 -0.038579583364385814 0.07787626244326115 0.2225355647144608 0.7469127782571596 0.7637153534958201 0.7762942004328726 0.7994210958452493 0.8203433768332619 0.8484929065223917 0.8844994891360983 0.8994856924754002 0.9082242637781673 0.9455805710053775 0.9726685656666946 0.9836983153892048 0.9911822582474671 1.0053379286921176 1.0263670547451031 1.0475892606851884 1.0744258159171447 1.0839245444529118 1.1772636253569067 1.2102757876504626 1.2272822235094925 1.4730425563862026
60 960 -0.22367997536752143 -0.039932747374551616 0.0773302141003843 0.22358438677399178 0.7469127782571596 0.7637153534958201 0.7762942004328726 0.7994210958452493 0.8203433768332619 0.8484929065223917 0.8844994891360983 0.8994856924754002 0.9082242637781673 0.9455805710053775 0.9726685656666946 0.9836983153892048 0.9911822582474671 1.0053379286921176 1.0263670547451031 1.0475892606851884 1.0744258159171447 1.0839245444529118 1.1772636253569067 1.2102757876504626 1.2272822235094925 1.4730425563862026
61 976 -0.22528344099809436 -0.04083551747509733 0.07519692177948513 0.22623679988563997 0.7469127782571596 0.7637153534958201 0.7762942004328726 0.7994210958452493 0.8203433768332619 0.8484929065223917 0.8844994891360983 0.8994856924754002 0.9082242637781673 0.9455805710053775 0.9726685656666946 0.9836983153892048 0.9911822582474671 1.0053379286921176 1.0263670547451031 1.0475892606851884 1.0744258159171447 1.0839245444529118 1.1772636253569067 1.2102757876504626 1.2272822235094925 1.4730425563862026
62 992 -0.2273432765403773 -0.03995264599862578 0.08036421465483337 0.23559107451050948 0.7469127782571596 0.7637153534958201 0.7762942004328726 0.7994210958452493 0.8203433768332619 0.8484929065223917 0.8844994891360983 0.8994856924754002 0.9082242637781673 0.9455805710053775 0.9726685656666946 0.9836983153892048 0.9911822582474671 1.0053379286921176 1.0263670547451031 1.0475892606851884 1.0744258159171447 1.0839245444529118 1.1772636253569067 1.2102757876504626 1.2272822235094925 1.4730425563862026
63 1008 -0.22079404399070732 -0.03872620281305569 0.08288056322072332 0.2287720296776832 0.7469127782571596 0.7637153534958201 0.7762942004328726 0.7994210958452493 0.8203433768332619 0.8484929065223917 0.8844994891360983 0.8994856924754002 0.9082242637781673 0.9455805710053775 0.9726685656666946 0.9836983153892048 0.9911822582474671 1.0053379286921176 1.0263670547451031 1.0475892606851884 1.0744258159171447 1.0839245444529118 1.1772636253569067 1.2102757876504626 1.2272822235094925 1.4730425563862026
64 1024 -0.22427984234583412 -0.0396901972649121 0.08580852135419874 0.23226966473764793 0.7469127782571596 0.7637153534958201 0.7762942004328726 0.7994210958452493 0.8203433768332619 0.8484929065223917 0.8844994891360983 0.8994856924754002 0.9082242637781673 0.9455805710053775 0.9726685656666946 0.9836983153892048 0.9911822582474671 1.0053379286921176 1.0263670547451031 1.0475892606851884 1.0744258159171447 1.0839245444529118 1.1772636253569067 1.2102757876504626 1.2272822235094925 1.4730425563862026
65 1040 -0.21601590574690882 -0.04447327276598117 0.08761643127383481 0.24422220210217868 0.7469127782571596 0.7637153534958201 0.7762942004328726 0.7994210958452493 0.8203433768332619 0.8484929065223917 0.8844994891360983 0.8994856924754002 0.9082242637781673 0.9455805710053775 0.9726685656666946 0.9836983153892048 0.9911822582474671 1.0053379286921176 1.0263670547451031 1.0475892606851884 1.0744258159171447 1.0839245444529118 1.1772636253569067 1.2102757876504626 1.2272822235094925 1.4730425563862026
66 1056 -0.22024889483538476 -0.0452279103307606 0.08295351219243877 0.2406108813006605 0.7469127782571596 0.7637153534958201 0.7762942004328726 0.7994210958452493 0.8203433768332619 0.8484929065223917 0.8844994891360983 0.8994856924754002 0.9082242637781673 0.9455805710053775 0.9726685656666946 0.9836983153892048 0.9911822582474671 1.0053379286921176 1.0263670547451031 1.0475892606851884 1.0744258159171447 1.0839245444529118 1.1772636253569067 1.2102757876504626 1.2272822235094925 1.4730425563862026
67 1072 -0.2337493898562577 -0.04630393864538056 0.07624194784650926 0.24506443533778566 0.6934056032652457 0.7400467457769894 0.750921814670638 0.7582037512189987 0.7933096079646259 0.8156946597717881 0.8386179226011576 0.8661488380594992 0.9014084263805853 0.9121534192592475 0.9594053123607769 0.96806618043754 0.9730790512213882 1.0087509850946352 1.0346559049048292 1.048979441048983 1.0902274291559904 1.1530190803646536 1.1781367609403084 1.2200918678291233 1.3631898144447139 1.4812500589726787
68 1088 -0.2360969762375973 -0.04180329483047309 0.07885380619877225 0.25001523598063047 0.6934056032652457 0.7400467457769894 0.750921814670638 0.7582037512189987 0.7933096079646259 0.8156946597717881 0.8386179226011576 0.8661488380594992 0.9014084263805853 0.9121534192592475 0.9594053123607769 0.96806618043754 0.9730790512213882 1.0087509850946352 1.0346559049048292 1.048979441048983 1.0902274291559904 1.1530190803646536 1.1781367609403084 1.2200918678291233 1.3631898144447139 1.4812500589726787
69 1104 -0.23763267109455816 -0.04156385982050243 0.08136053296150987 0.25495689841240743 0.6934056032652457 0.7400467457769894 0.750921814670638 0.7582037512189987 0.7933096079646259 0.8156946597717881 0.8386179226011576 0.8661488380594992 0.9014084263805853 0.9121534192592475 0.9594053123607769 0.96806618043754 0.9730790512213882 1.0087509850946352 1.0346559049048292 1.048979441048983 1.0902274291559904 1.1530190803646536 1.1781367609403084 1.2200918678291233 1.3631898144447139 1.4812500589726787
70 1120 -0.22742550264329234 -0.04253750872235489 0.08375881650030093 0.25657653798712876 0.6934056032652457 0.7400467457769894 0.750921814670638 0.7582037512189987 0.7933096079646259 0.8156946597717881 0.8386179226011576 0.8661488380594992 0.9014084263805853 0.9121534192592475 0.9594053123607769 0.96806618043754 0.9730790512213882 1.0087509850946352 1.0346559049048292 1.048979441048983 1.0902274291559904 1.1530190803646536 1.1781367609403084 1.2200918678291233 1.3631898144447139 1.4812500589726787
71 1136 -0.21711439372159844 -0.044964815642876306 0.08791142627499662 0.2532470718620041 0.6934056032652457 0.7400467457769894 0.750921814670638 0.7582037512189987 0.7933096079646259 0.8156946597717881 0.8386179226011576 0.8661488380594992 0.9014084263805853 0.9121534192592475 0.9594053123607769 0.96806618043754 0.9730790512213882 1.0087509850946352 1.0346559049048292 1.048979441048983 1.0902274291559904 1.1530190803646536 1.1781367609403084 1.2200918678291233 1.3631898144447139 1.4812500589726787
72 1152 -0.21053097014378555 -0.0472682954967498 0.07956763674397291 0.2459323828625901 0.6934056032652457 0.7400467457769894 0.750921814670638 0.7582037512189987 0.7933096079646259 0.8156946597717881 0.8386179226011576 0.8661488380594992 0.9014084263805853 0.9121534192592475 0.9594053123607769 0.96806618043754 0.9730790512213882 1.0087509850946352 1.0346559049048292 1.048979441048983 1.0902274291559904 1.1530190803646536 1.1781367609403084 1.2200918678291233 1.3631898144447139 1.4812500589726787
73 1168 -0.1970813962451347 -0.04752103055205516 0.07985574944248294 0.24443414444291156 0.6934056032652457 0.7400467457769894 0.750921814670638 0.7582037512189987 0.7933096079646259 0.8156946597717881 0.8386179226011576 0.8661488380594992 0.9014084263805853 0.9121534192592475 0.9594053123607769 0.96806618043754 0.9730790512213882 1.0087509850946352 1.0346559049048292 1.048979441048983 1.0902274291559904 1.1530190803646536 1.1781367609403084 1.2200918678291233 1.3631898144447139 1.4812500589726787
74 1184 -0.19598004958644955 -0.04636585835217049 0.07976437402253128 0.23140670785638773 0.6934056032652457 0.7400467457769894 0.750921814670638 0.7582037512189987 0.7933096079646259 0.8156946597717881 0.8386179226011576 0.8661488380594992 0.9014084263805853 0.9121534192592475 0.9594053123607769 0.96806618043754 0.9730790512213882 1.0087509850946352 1.0346559049048292 1.048979441048983 1.0902274291559904 1.1530190803646536 1.1781367609403084 1.2200918678291233 1.3631898144447139 1.4812500589726787
75 1200 -0.2007081293196491 -0.04581980561963883 0.08556385104453045 0.23635857884728914 0.6934056032652457 0.7400467457769894 0.750921814670638 0.7582037512189987 0.7933096079646259 0.8156946597717881 0.8386179226011576 0.8661488380594992 0.9014084263805853 0.9121534192592475 0.9594053123607769 0.96806618043754 0.9730790512213882 1.0087509850946352 1.0346559049048292 1.048979441048983 1.0902274291559904 1.1530190803646536 1.1781367609403084 1.2200918678291233 1.3631898144447139 1.4812500589726787
76 1216 -0.20985424746903295 -0.04674498292526595 0.0770762163082836 0.2325795705074795 0.6934056032652457 0.7400467457769894 0.750921814670638 0.7582037512189987 0.7933096079646259 0.8156946597717881 0.8386179226011576 0.8661488380594992 0.9014084263805853 0.9121534192592475 0.9594053123607769 0.96806618043754 0.9730790512213882 1.0087509850946352 1.0346559049048292 1.048979441048983 1.0902274291559904 1.1530190803646536 1.1781367609403084 1.2200918678291233 1.3631898144447139 1.4812500589726787
77 1232 -0.20824208487757692 -0.04402324143033781 0.0770058296644409 0.2362330007050842 0.6934056032652457 0.7400467457769894 0.750921814670638 0.7582037512189987 0.7933096079646259 0.8156946597717881 0.8386179226011576 0.8661488380594992 0.9014084263805853 0.9121534192592475 0.9594053123607769 0.96806618043754 0.9730790512213882 1.0087509850946352 1.0346559049048292 1.048979441048983 1.0902274291559904 1.1530190803646536 1.1781367609403084 1.2200918678291233 1.3631898144447139 1.4812500589726787
78 1248 -0.211489643213172 -0.04513858358283097 0.07646872580322006 0.22350629196622046 0.6934056032652457 0.7400467457769894 0.750921814670638 0.7582037512189987 0.7933096079646259 0.8156946597717881 0.8386179226011576 0.8661488380594992 0.9014084263805853 0.9121534192592475 0.9594053123607769 0.96806618043754 0.9730790512213882 1.0087509850946352 1.0346559049048292 1.048979441048983 1.0902274291559904 1.1530190803646536 1.1781367609403084 1.2200918678291233 1.3631898144447139 1.4812500589726787
79 1264 -0.2133355513692551 -0.04907233522052647 0.0784730530877477 0.21764270949431347 0.6934056032652457 0.7400467457769894 0.750921814670638 0.7582037512189987 0.7933096079646259 0.8156946597717881 0.8386179226011576 0.8661488380594992 0.9014084263805853 0.9121534192592475 0.9594053123607769 0.96806618043754 0.9730790512213882 1.0087509850946352 1.0346559049048292 1.048979441048983 1.0902274291559904 1.1530190803646536 1.1781367609403084 1.2200918678291233 1.3631898144447139 1.4812500589726787
80 1280 -0.21796909829832678 -0.046154865464500525 0.07764821796549701 0.21802715931187394 0.6934056032652457 0.7400467457769894 0.750921814670638 0.7582037512189987 0.7933096079646259 0.8156946597717881 0.8386179226011576 0.8661488380594992 0.9014084263805853 0.9121534192592475 0.9594053123607769 0.96806618043754 0.9730790512213882 1.0087509850946352 1.0346559049048292 1.048979441048983 1.0902274291559904 1.1530190803646536 1.1781367609403084 1.2200918678291233 1.3631898144447139 1.4812500589726787
81 1296 -0.21656317364575664 -0.04110399980213497 0.07949229098847055 0.22916240936272936 0.6934056032652457 0.7400467457769894 0.750921814670638 0.7582037512189987 0.7933096079646259 0.8156946597717881 0.8386179226011576 0.8661488380594992 0.9014084263805853 0.9121534192592475 0.9594053123607769 0.96806618043754 0.9730790512213882 1.0087509850946352 1.0346559049048292 1.048979441048983 1.0902274291559904 1.1530190803646536 1.1781367609403084 1.2200918678291233 1.3631898144447139 1.4812500589726787
82 1312 -0.22253231334755724 -0.04594028562651523 0.07978242954984635 0.2342031949614754 0.6934056032652457 0.7400467457769894 0.750921814670638 0.7582037512189987 0.7933096079646259 0.8156946597717881 0.8386179226011576 0.8661488380594992 0.9014084263805853 0.9121534192592475 0.9594053123607769 0.96806618043754 0.9730790512213882 1.0087509850946352 1.0346559049048292 1.048979441048983 1.0902274291559904 1.1530190803646536 1.1781367609403084 1.2200918678291233 1.3631898144447139 1.4812500589726787
83 1328 -0.21583071096177195 -0.04695737015844258 0.0826524835265654 0.2275098566653325 0.6934056032652457 0.7400467457769894 0.750921814670638 0.7582037512189987 0.7933096079646259 0.8156946597717881 0.8386179226011576 0.8661488380594992 0.9014084263805853 0.9121534192592475 0.9594053123607769 0.96806618043754 0.9730790512213882 1.0087509850946352 1.0346559049048292 1.048979441048983 1.0902274291559904 1.1530190803646536 1.1781367609403084 1.2200918678291233 1.3631898144447139 1.4812500589726787
84 1344 -0.2227835646086246 -0.04708651607197189 0.08945418375636387 0.2259385305524519 0.6934056032652457 0.7400467457769894 0.750921814670638 0.7582037512189987 0.7933096079646259 0.8156946597717881 0.8386179226011576 0.8661488380594992 0.9014084263805853 0.9121534192592475 0.9594053123607769 0.96806618043754 0.9730790512213882 1.0087509850946352 1.0346559049048292 1.048979441048983 1.0902274291559904 1.1530190803646536 1.1781367609403084 1.2200918678291233 1.3631898144447139 1.4812500589726787
85 1360 -0.22457095950366163 -0.04690026329567923 0.09158789582448164 0.2315625215497958 0.6934056032652457 0.7400467457769894 0.750921814670638 0.7582037512189987 0.7933096079646259 0.8156946597717881 0.8386179226011576 0.8661488380594992 0.9014084263805853 0.9121534192592475 0.9594053123607769 0.96806618043754 0.9730790512213882 1.0087509850946352 1.0346559049048292 1.048979441048983 1.0902274291559904 1.1530190803646536 1.1781367609403084 1.2200918678291233 1.3631898144447139 1.4812500589726787
86 1376 -0.22145276910932743 -0.04493786550394394 0.08633464817573902 0.22730486233584837 0.6934056032652457 0.7400467457769894 0.750921814670638 0.7582037512189987 0.7933096079646259 0.8156946597717881 0.8386179226011576 0.8661488380594992 0.9014084263805853 0.9121534192592475 0.9594053123607769 0.96806618043754 0.9730790512213882 1.0087509850946352 1.0346559049048292 1.048979441048983 1.0902274291559904 1.1530190803646536 1.1781367609403084 1.2200918678291233 1.3631898144447139 1.4812500589726787
87 1392 -0.22794637161436077 -0.04311107299938731 0.0904188600619203 0.2492615668411484 0.6934056032652457 0.7400467457769894 0.750921814670638 0.7582037512189987 0.7933096079646259 0.8156946597717881 0.8386179226011576 0.8661488380594992 0.9014084263805853 0.9121534192592475 0.9594053123607769 0.96806618043754 0.9730790512213882 1.0087509850946352 1.0346559049048292 1.048979441048983 1.0902274291559904 1.1530190803646536 1.1781367609403084 1.2200918678291233 1.3631898144447139 1.4812500589726787
88 1408 -0.22359115592113019 -0.04130083968299111 0.08549331354515878 0.26361027248971847 0.6934056032652457 0.7400467457769894 0.750921814670638 0.7582037512189987 0.7933096079646259 0.8156946597717881 0.8386179226011576 0.8661488380594992 0.9014084263805853 0.9121534192592475 0.9594053123607769 0.96806618043754 0.9730790512213882 1.0087509850946352 1.0346559049048292 1.048979441048983 1.0902274291559904 1.1530190803646536 1.1781367609403084 1.2200918678291233 1.3631898144447139 1.4812500589726787
89 1424 -0.2266553915484608 -0.03908746086643687 0.09197792091303557 0.25434672394222113 0.6516009915740305 0.7021272859194595 0.7354018706799611 0.7448550570032679 0.7718074851175986 0.8162413914463962 0.8410708869381807 0.87342615236019 0.8992712876359782 0.9212667504482034 0.9421610151097459 0.9591154344431726 0.9861407984544872 1.0163608297184816 1.0415594504595727 1.087553218125238 1.1235088589010451 1.1693579222767587 1.1941572171246901 1.2221860261708961 1.320130702928469 1.4914290728120203
90 1440 -0.23423949488419887 -0.04257016583694739 0.09622176402726718 0.25507730943741225 0.6516009915740305 0.7021272859194595 0.7354018706799611 0.7448550570032679 0.7718074851175986 0.8162413914463962 0.8410708869381807 0.87342615236019 0.8992712876359782 0.9212667504482034 0.9421610151097459 0.9591154344431726 0.9861407984544872 1.0163608297184816 1.0415594504595727 1.087553218125238 1.1235088589010451 1.1693579222767587 1.1941572171246901 1.2221860261708961 1.320130702928469 1.4914290728120203
91 1456 -0.24957352727274382 -0.04347243798816078 0.09802789425689587 0.2643415419101362 0.6516009915740305 0.7021272859194595 0.7354018706799611 0.7448550570032679 0.7718074851175986 0.8162413914463962 0.8410708869381807 0.87342615236019 0.8992712876359782 0.9212667504482034 0.9421610151097459 0.9591154344431726 0.9861407984544872 1.0163608297184816 1.0415594504595727 1.087553218125238 1.1235088589010451 1.1693579222767587 1.1941572171246901 1.2221860261708961 1.320130702928469 1.4914290728120203
92 1472 -0.24746440591894459 -0.0413483490310693 0.09459598426990438 0.2707056336811677 0.6516009915740305 0.7021272859194595 0.7354018706799611 0.7448550570032679 0.7718074851175986 0.8162413914463962 0.8410708869381807 0.87342615236019 0.8992712876359782 0.9212667504482034 0.9421610151097459 0.9591154344431726 0.9861407984544872 1.0163608297184816 1.0415594504595727 1.087553218125238 1.1235088589010451 1.1693579222767587 1.1941572171246901 1.2221860261708961 1.320130702928469 1.4914290728120203
93 1488 -0.24860226312538505 -0.04679050459133647 0.09515245430160882 0.2879878155174824 0.6516009915740305 0.7021272859194595 0.7354018706799611 0.7448550570032679 0.7718074851175986 0.8162413914463962 0.8410708869381807 0.87342615236019 0.8992712876359782 0.9212667504482034 0.9421610151097459 0.9591154344431726 0.9861407984544872 1.0163608297184816 1.0415594504595727 1.087553218125238 1.1235088589010451 1.1693579222767587 1.1941572171246901 1.2221860261708961 1.320130702928469 1.4914290728120203
94 1504 -0.24462749663900446 -0.04593952999526057 0.09726775509094418 0.2914283000974913 0.6516009915740305 0.7021272859194595 0.7354018706799611 0.7448550570032679 0.7718074851175986 0.8162413914463962 0.8410708869381807 0.87342615236019 0.8992712876359782 0.9212667504482034 0.9421610151097459 0.9591154344431726 0.9861407984544872 1.0163608297184816 1.0415594504595727 1.087553218125238 1.1235088589010451 1.1693579222767587 1.1941572171246901 1.2221860261708961 1.320130702928469 1.4914290728120203
95 1520 -0.24722902740052374 -0.04202314164708888 0.10377859715821702 0.2990853864411083 0.6516009915740305 0.7021272859194595 0.7354018706799611 0.7448550570032679 0.7718074851175986 0.8162413914463962 0.8410708869381807 0.87342615236019 0.8992712876359782 0.9212667504482034 0.9421610151097459 0.9591154344431726 0.9861407984544872 1.0163608297184816 1.0415594504595727 1.087553218125238 1.1235088589010451 1.1693579222767587 1.1941572171246901 1.2221860261708961 1.320130702928469 1.4914290728120203
96 1536 -0.2595115168598027 -0.04232636317539514 0.10649545771858156 0.30295079094797667 0.6516009915740305 0.7021272859194595 0.7354018706799611 0.7448550570032679 0.7718074851175986 0.8162413914463962 0.8410708869381807 0.87342615236019 0.8992712876359782 0.9212667504482034 0.9421610151097459 0.9591154344431726 0.9861407984544872 1.0163608297184816 1.0415594504595727 1.087553218125238 1.1235088589010451 1.1693579222767587 1.1941572171246901 1.2221860261708961 1.320130702928469 1.4914290728120203
97 1552 -0.2538154280379805 -0.04622294661007324 0.1075229403161442 0.3199862123975522 0.6516009915740305 0.7021272859194595 0.7354018706799611 0.7448550570032679 0.7718074851175986 0.8162413914463962 0.8410708869381807 0.87342615236019 0.8992712876359782 0.9212667504482034 0.9421610151097459 0.9591154344431726 0.9861407984544872 1.0163608297184816 1.0415594504595727 1.087553218125238 1.1235088589010451 1.1693579222767587 1.1941572171246901 1.2221860261708961 1.320130702928469 1.4914290728120203
98 1568 -0.24839822949448057 -0.04598088152499787 0.10486739039023431 0.30253353228378976 0.6516009915740305 0.7021272859194595 0.7354018706799611 0.7448550570032679 0.7718074851175986 0.8162413914463962 0.8410708869381807 0.87342615236019 0.8992712876359782 0.9212667504482034 0.9421610151097459 0.9591154344431726 0.9861407984544872 1.0163608297184816 1.0415594504595727 1.087553218125238 1.1235088589010451 1.1693579222767587 1.1941572171246901 1.2221860261708961 1.320130702928469 1.4914290728120203
99 1584 -0.25409954852801403 -0.044624587861404455 0.10527712398697925 0.2922554499104132 0.6516009915740305 0.7021272859194595 0.7354018706799611 0.7448550570032679 0.7718074851175986 0.8162413914463962 0.8410708869381807 0.87342615236019 0.8992712876359782 0.9212667504482034 0.9421610151097459 0.9591154344431726 0.9861407984544872 1.0163608297184816 1.0415594504595727 1.087553218125238 1.1235088589010451 1.1693579222767587 1.1941572171246901 1.2221860261708961 1.320130702928469 1.4914290728120203
100 1600 -0.25129379480637265 -0.043306539412056144 0.10222197774904307 0.29632321444694154 0.6516009915740305 0.7021272859194595 0.7354018706799611 0.7448550570032679 0.7718074851175986 0.8162413914463962 0.8410708869381807 0.87342615236019 0.8992712876359782 0.9212667504482034 0.9421610151097459 0.9591154344431726 0.9861407984544872 1.0163608297184816 1.0415594504595727 1.087553218125238 1.1235088589010451 1.1693579222767587 1.1941572171246901 1.2221860261708961 1.320130702928469 1.4914290728120203
