% # columns="iteration, evaluation, min max(neg(.)) min(pos(.)) max correlation, correlation matrix principal axes lengths  (sorted square roots of eigenvalues of correlation matrix)", seed=161168, Wed Nov 26 12:23:00 2025
1 16 -0.029550818714133075 -0.005772429956901953 0.005310094704522636 0.019443926591436185 0.9362217522623776 0.9754529708554002 0.9831277073217857 0.9892588834415571 0.991796027658 0.9930273533158285 0.9947194226461119 0.9952589067578258 0.9958272026357526 0.9966540008157935 0.9978572915748647 0.9992530159952986 1.0004509429135877 1.0009445797659806 1.0028070621892926 1.0062503433532097 1.0114006323175873 1.0145236569516993 1.015473269159741 1.0192849762631941 1.029406300980871 1.046361350497719
2 32 -0.029550818714133075 -0.005772429956901953 0.005310094704522636 0.019443926591436185 0.9362217522623776 0.9754529708554002 0.9831277073217857 0.9892588834415571 0.991796027658 0.9930273533158285 0.9947194226461119 0.9952589067578258 0.9958272026357526 0.9966540008157935 0.9978572915748647 0.9992530159952986 1.0004509429135877 1.0009445797659806 1.0028070621892926 1.0062503433532097 1.0114006323175873 1.0145236569516993 1.015473269159741 1.0192849762631941 1.029406300980871 1.046361350497719
3 48 -0.029550818714133075 -0.005772429956901953 0.005310094704522636 0.019443926591436185 0.9362217522623776 0.9754529708554002 0.9831277073217857 0.9892588834415571 0.991796027658 0.9930273533158285 0.9947194226461119 0.9952589067578258 0.9958272026357526 0.9966540008157935 0.9978572915748647 0.9992530159952986 1.0004509429135877 1.0009445797659806 1.0028070621892926 1.0062503433532097 1.0114006323175873 1.0145236569516993 1.015473269159741 1.0192849762631941 1.029406300980871 1.046361350497719
4 64 -0.029550818714133075 -0.005772429956901953 0.005310094704522636 0.019443926591436185 0.9362217522623776 0.9754529708554002 0.9831277073217857 0.9892588834415571 0.991796027658 0.9930273533158285 0.9947194226461119 0.9952589067578258 0.9958272026357526 0.9966540008157935 0.9978572915748647 0.9992530159952986 1.0004509429135877 1.0009445797659806 1.0028070621892926 1.0062503433532097 1.0114006323175873 1.0145236569516993 1.015473269159741 1.0192849762631941 1.029406300980871 1.046361350497719
5 80 -0.029550818714133075 -0.005772429956901953 0.005310094704522636 0.019443926591436185 0.9362217522623776 0.9754529708554002 0.9831277073217857 0.9892588834415571 0.991796027658 0.9930273533158285 0.9947194226461119 0.9952589067578258 0.9958272026357526 0.9966540008157935 0.9978572915748647 0.9992530159952986 1.0004509429135877 1.0009445797659806 1.0028070621892926 1.0062503433532097 1.0114006323175873 1.0145236569516993 1.015473269159741 1.0192849762631941 1.029406300980871 1.046361350497719
6 96 -0.029550818714133075 -0.005772429956901953 0.005310094704522636 0.019443926591436185 0.9362217522623776 0.9754529708554002 0.9831277073217857 0.9892588834415571 0.991796027658 0.9930273533158285 0.9947194226461119 0.9952589067578258 0.9958272026357526 0.9966540008157935 0.9978572915748647 0.9992530159952986 1.0004509429135877 1.0009445797659806 1.0028070621892926 1.0062503433532097 1.0114006323175873 1.0145236569516993 1.015473269159741 1.0192849762631941 1.029406300980871 1.046361350497719
7 112 -0.029550818714133075 -0.005772429956901953 0.005310094704522636 0.019443926591436185 0.9362217522623776 0.9754529708554002 0.9831277073217857 0.9892588834415571 0.991796027658 0.9930273533158285 0.9947194226461119 0.9952589067578258 0.9958272026357526 0.9966540008157935 0.9978572915748647 0.9992530159952986 1.0004509429135877 1.0009445797659806 1.0028070621892926 1.0062503433532097 1.0114006323175873 1.0145236569516993 1.015473269159741 1.0192849762631941 1.029406300980871 1.046361350497719
8 128 -0.029550818714133075 -0.005772429956901953 0.005310094704522636 0.019443926591436185 0.9362217522623776 0.9754529708554002 0.9831277073217857 0.9892588834415571 0.991796027658 0.9930273533158285 0.9947194226461119 0.9952589067578258 0.9958272026357526 0.9966540008157935 0.9978572915748647 0.9992530159952986 1.0004509429135877 1.0009445797659806 1.0028070621892926 1.0062503433532097 1.0114006323175873 1.0145236569516993 1.015473269159741 1.0192849762631941 1.029406300980871 1.046361350497719
9 144 -0.029550818714133075 -0.005772429956901953 0.005310094704522636 0.019443926591436185 0.9362217522623776 0.9754529708554002 0.9831277073217857 0.9892588834415571 0.991796027658 0.9930273533158285 0.9947194226461119 0.9952589067578258 0.9958272026357526 0.9966540008157935 0.9978572915748647 0.9992530159952986 1.0004509429135877 1.0009445797659806 1.0028070621892926 1.0062503433532097 1.0114006323175873 1.0145236569516993 1.015473269159741 1.0192849762631941 1.029406300980871 1.046361350497719
10 160 -0.029550818714133075 -0.005772429956901953 0.005310094704522636 0.019443926591436185 0.9362217522623776 0.9754529708554002 0.9831277073217857 0.9892588834415571 0.991796027658 0.9930273533158285 0.9947194226461119 0.9952589067578258 0.9958272026357526 0.9966540008157935 0.9978572915748647 0.9992530159952986 1.0004509429135877 1.0009445797659806 1.0028070621892926 1.0062503433532097 1.0114006323175873 1.0145236569516993 1.015473269159741 1.0192849762631941 1.029406300980871 1.046361350497719
11 176 -0.029550818714133075 -0.005772429956901953 0.005310094704522636 0.019443926591436185 0.9362217522623776 0.9754529708554002 0.9831277073217857 0.9892588834415571 0.991796027658 0.9930273533158285 0.9947194226461119 0.9952589067578258 0.9958272026357526 0.9966540008157935 0.9978572915748647 0.9992530159952986 1.0004509429135877 1.0009445797659806 1.0028070621892926 1.0062503433532097 1.0114006323175873 1.0145236569516993 1.015473269159741 1.0192849762631941 1.029406300980871 1.046361350497719
12 192 -0.029550818714133075 -0.005772429956901953 0.005310094704522636 0.019443926591436185 0.9362217522623776 0.9754529708554002 0.9831277073217857 0.9892588834415571 0.991796027658 0.9930273533158285 0.9947194226461119 0.9952589067578258 0.9958272026357526 0.9966540008157935 0.9978572915748647 0.9992530159952986 1.0004509429135877 1.0009445797659806 1.0028070621892926 1.0062503433532097 1.0114006323175873 1.0145236569516993 1.015473269159741 1.0192849762631941 1.029406300980871 1.046361350497719
13 208 -0.029550818714133075 -0.005772429956901953 0.005310094704522636 0.019443926591436185 0.9362217522623776 0.9754529708554002 0.9831277073217857 0.9892588834415571 0.991796027658 0.9930273533158285 0.9947194226461119 0.9952589067578258 0.9958272026357526 0.9966540008157935 0.9978572915748647 0.9992530159952986 1.0004509429135877 1.0009445797659806 1.0028070621892926 1.0062503433532097 1.0114006323175873 1.0145236569516993 1.015473269159741 1.0192849762631941 1.029406300980871 1.046361350497719
14 224 -0.029550818714133075 -0.005772429956901953 0.005310094704522636 0.019443926591436185 0.9362217522623776 0.9754529708554002 0.9831277073217857 0.9892588834415571 0.991796027658 0.9930273533158285 0.9947194226461119 0.9952589067578258 0.9958272026357526 0.9966540008157935 0.9978572915748647 0.9992530159952986 1.0004509429135877 1.0009445797659806 1.0028070621892926 1.0062503433532097 1.0114006323175873 1.0145236569516993 1.015473269159741 1.0192849762631941 1.029406300980871 1.046361350497719
15 240 -0.029550818714133075 -0.005772429956901953 0.005310094704522636 0.019443926591436185 0.9362217522623776 0.9754529708554002 0.9831277073217857 0.9892588834415571 0.991796027658 0.9930273533158285 0.9947194226461119 0.9952589067578258 0.9958272026357526 0.9966540008157935 0.9978572915748647 0.9992530159952986 1.0004509429135877 1.0009445797659806 1.0028070621892926 1.0062503433532097 1.0114006323175873 1.0145236569516993 1.015473269159741 1.0192849762631941 1.029406300980871 1.046361350497719
16 256 -0.029550818714133075 -0.005772429956901953 0.005310094704522636 0.019443926591436185 0.9362217522623776 0.9754529708554002 0.9831277073217857 0.9892588834415571 0.991796027658 0.9930273533158285 0.9947194226461119 0.9952589067578258 0.9958272026357526 0.9966540008157935 0.9978572915748647 0.9992530159952986 1.0004509429135877 1.0009445797659806 1.0028070621892926 1.0062503433532097 1.0114006323175873 1.0145236569516993 1.015473269159741 1.0192849762631941 1.029406300980871 1.046361350497719
17 272 -0.029550818714133075 -0.005772429956901953 0.005310094704522636 0.019443926591436185 0.9362217522623776 0.9754529708554002 0.9831277073217857 0.9892588834415571 0.991796027658 0.9930273533158285 0.9947194226461119 0.9952589067578258 0.9958272026357526 0.9966540008157935 0.9978572915748647 0.9992530159952986 1.0004509429135877 1.0009445797659806 1.0028070621892926 1.0062503433532097 1.0114006323175873 1.0145236569516993 1.015473269159741 1.0192849762631941 1.029406300980871 1.046361350497719
18 288 -0.029550818714133075 -0.005772429956901953 0.005310094704522636 0.019443926591436185 0.9362217522623776 0.9754529708554002 0.9831277073217857 0.9892588834415571 0.991796027658 0.9930273533158285 0.9947194226461119 0.9952589067578258 0.9958272026357526 0.9966540008157935 0.9978572915748647 0.9992530159952986 1.0004509429135877 1.0009445797659806 1.0028070621892926 1.0062503433532097 1.0114006323175873 1.0145236569516993 1.015473269159741 1.0192849762631941 1.029406300980871 1.046361350497719
19 304 -0.029550818714133075 -0.005772429956901953 0.005310094704522636 0.019443926591436185 0.9362217522623776 0.9754529708554002 0.9831277073217857 0.9892588834415571 0.991796027658 0.9930273533158285 0.9947194226461119 0.9952589067578258 0.9958272026357526 0.9966540008157935 0.9978572915748647 0.9992530159952986 1.0004509429135877 1.0009445797659806 1.0028070621892926 1.0062503433532097 1.0114006323175873 1.0145236569516993 1.015473269159741 1.0192849762631941 1.029406300980871 1.046361350497719
20 320 -0.029550818714133075 -0.005772429956901953 0.005310094704522636 0.019443926591436185 0.9362217522623776 0.9754529708554002 0.9831277073217857 0.9892588834415571 0.991796027658 0.9930273533158285 0.9947194226461119 0.9952589067578258 0.9958272026357526 0.9966540008157935 0.9978572915748647 0.9992530159952986 1.0004509429135877 1.0009445797659806 1.0028070621892926 1.0062503433532097 1.0114006323175873 1.0145236569516993 1.015473269159741 1.0192849762631941 1.029406300980871 1.046361350497719
21 336 -0.029550818714133075 -0.005772429956901953 0.005310094704522636 0.019443926591436185 0.9362217522623776 0.9754529708554002 0.9831277073217857 0.9892588834415571 0.991796027658 0.9930273533158285 0.9947194226461119 0.9952589067578258 0.9958272026357526 0.9966540008157935 0.9978572915748647 0.9992530159952986 1.0004509429135877 1.0009445797659806 1.0028070621892926 1.0062503433532097 1.0114006323175873 1.0145236569516993 1.015473269159741 1.0192849762631941 1.029406300980871 1.046361350497719
22 352 -0.029550818714133075 -0.005772429956901953 0.005310094704522636 0.019443926591436185 0.9362217522623776 0.9754529708554002 0.9831277073217857 0.9892588834415571 0.991796027658 0.9930273533158285 0.9947194226461119 0.9952589067578258 0.9958272026357526 0.9966540008157935 0.9978572915748647 0.9992530159952986 1.0004509429135877 1.0009445797659806 1.0028070621892926 1.0062503433532097 1.0114006323175873 1.0145236569516993 1.015473269159741 1.0192849762631941 1.029406300980871 1.046361350497719
23 368 -0.16744929571442335 -0.04010340097988748 0.015735226710613507 0.14431999918085647 0.6602760595344039 0.8186195353943642 0.8726641430375855 0.9030710934542553 0.9181156411057992 0.9251685436187759 0.941026089222466 0.9569963211503644 0.9673992252624926 0.9766650524971263 0.9921634126875616 1.0017223139437126 1.0171432612802471 1.0236495572674347 1.0305403106784028 1.05678789158459 1.0649650640796224 1.1064368517649037 1.123411961569922 1.1359854177760944 1.1701515611761153 1.182210915343451
24 384 -0.16744929571442335 -0.04010340097988748 0.015735226710613507 0.14431999918085647 0.6602760595344039 0.8186195353943642 0.8726641430375855 0.9030710934542553 0.9181156411057992 0.9251685436187759 0.941026089222466 0.9569963211503644 0.9673992252624926 0.9766650524971263 0.9921634126875616 1.0017223139437126 1.0171432612802471 1.0236495572674347 1.0305403106784028 1.05678789158459 1.0649650640796224 1.1064368517649037 1.123411961569922 1.1359854177760944 1.1701515611761153 1.182210915343451
25 400 -0.16744929571442335 -0.04010340097988748 0.015735226710613507 0.14431999918085647 0.6602760595344039 0.8186195353943642 0.8726641430375855 0.9030710934542553 0.9181156411057992 0.9251685436187759 0.941026089222466 0.9569963211503644 0.9673992252624926 0.9766650524971263 0.9921634126875616 1.0017223139437126 1.0171432612802471 1.0236495572674347 1.0305403106784028 1.05678789158459 1.0649650640796224 1.1064368517649037 1.123411961569922 1.1359854177760944 1.1701515611761153 1.182210915343451
26 416 -0.16744929571442335 -0.04010340097988748 0.015735226710613507 0.14431999918085647 0.6602760595344039 0.8186195353943642 0.8726641430375855 0.9030710934542553 0.9181156411057992 0.9251685436187759 0.941026089222466 0.9569963211503644 0.9673992252624926 0.9766650524971263 0.9921634126875616 1.0017223139437126 1.0171432612802471 1.0236495572674347 1.0305403106784028 1.05678789158459 1.0649650640796224 1.1064368517649037 1.123411961569922 1.1359854177760944 1.1701515611761153 1.182210915343451
27 432 -0.16744929571442335 -0.04010340097988748 0.015735226710613507 0.14431999918085647 0.6602760595344039 0.8186195353943642 0.8726641430375855 0.9030710934542553 0.9181156411057992 0.9251685436187759 0.941026089222466 0.9569963211503644 0.9673992252624926 0.9766650524971263 0.9921634126875616 1.0017223139437126 1.0171432612802471 1.0236495572674347 1.0305403106784028 1.05678789158459 1.0649650640796224 1.1064368517649037 1.123411961569922 1.1359854177760944 1.1701515611761153 1.182210915343451
28 448 -0.16744929571442335 -0.04010340097988748 0.015735226710613507 0.14431999918085647 0.6602760595344039 0.8186195353943642 0.8726641430375855 0.9030710934542553 0.9181156411057992 0.9251685436187759 0.941026089222466 0.9569963211503644 0.9673992252624926 0.9766650524971263 0.9921634126875616 1.0017223139437126 1.0171432612802471 1.0236495572674347 1.0305403106784028 1.05678789158459 1.0649650640796224 1.1064368517649037 1.123411961569922 1.1359854177760944 1.1701515611761153 1.182210915343451
29 464 -0.16744929571442335 -0.04010340097988748 0.015735226710613507 0.14431999918085647 0.6602760595344039 0.8186195353943642 0.8726641430375855 0.9030710934542553 0.9181156411057992 0.9251685436187759 0.941026089222466 0.9569963211503644 0.9673992252624926 0.9766650524971263 0.9921634126875616 1.0017223139437126 1.0171432612802471 1.0236495572674347 1.0305403106784028 1.05678789158459 1.0649650640796224 1.1064368517649037 1.123411961569922 1.1359854177760944 1.1701515611761153 1.182210915343451
30 480 -0.16744929571442335 -0.04010340097988748 0.015735226710613507 0.14431999918085647 0.6602760595344039 0.8186195353943642 0.8726641430375855 0.9030710934542553 0.9181156411057992 0.9251685436187759 0.941026089222466 0.9569963211503644 0.9673992252624926 0.9766650524971263 0.9921634126875616 1.0017223139437126 1.0171432612802471 1.0236495572674347 1.0305403106784028 1.05678789158459 1.0649650640796224 1.1064368517649037 1.123411961569922 1.1359854177760944 1.1701515611761153 1.182210915343451
31 496 -0.16744929571442335 -0.04010340097988748 0.015735226710613507 0.14431999918085647 0.6602760595344039 0.8186195353943642 0.8726641430375855 0.9030710934542553 0.9181156411057992 0.9251685436187759 0.941026089222466 0.9569963211503644 0.9673992252624926 0.9766650524971263 0.9921634126875616 1.0017223139437126 1.0171432612802471 1.0236495572674347 1.0305403106784028 1.05678789158459 1.0649650640796224 1.1064368517649037 1.123411961569922 1.1359854177760944 1.1701515611761153 1.182210915343451
32 512 -0.16744929571442335 -0.04010340097988748 0.015735226710613507 0.14431999918085647 0.6602760595344039 0.8186195353943642 0.8726641430375855 0.9030710934542553 0.9181156411057992 0.9251685436187759 0.941026089222466 0.9569963211503644 0.9673992252624926 0.9766650524971263 0.9921634126875616 1.0017223139437126 1.0171432612802471 1.0236495572674347 1.0305403106784028 1.05678789158459 1.0649650640796224 1.1064368517649037 1.123411961569922 1.1359854177760944 1.1701515611761153 1.182210915343451
33 528 -0.16744929571442335 -0.04010340097988748 0.015735226710613507 0.14431999918085647 0.6602760595344039 0.8186195353943642 0.8726641430375855 0.9030710934542553 0.9181156411057992 0.9251685436187759 0.941026089222466 0.9569963211503644 0.9673992252624926 0.9766650524971263 0.9921634126875616 1.0017223139437126 1.0171432612802471 1.0236495572674347 1.0305403106784028 1.05678789158459 1.0649650640796224 1.1064368517649037 1.123411961569922 1.1359854177760944 1.1701515611761153 1.182210915343451
34 544 -0.16744929571442335 -0.04010340097988748 0.015735226710613507 0.14431999918085647 0.6602760595344039 0.8186195353943642 0.8726641430375855 0.9030710934542553 0.9181156411057992 0.9251685436187759 0.941026089222466 0.9569963211503644 0.9673992252624926 0.9766650524971263 0.9921634126875616 1.0017223139437126 1.0171432612802471 1.0236495572674347 1.0305403106784028 1.05678789158459 1.0649650640796224 1.1064368517649037 1.123411961569922 1.1359854177760944 1.1701515611761153 1.182210915343451
35 560 -0.16744929571442335 -0.04010340097988748 0.015735226710613507 0.14431999918085647 0.6602760595344039 0.8186195353943642 0.8726641430375855 0.9030710934542553 0.9181156411057992 0.9251685436187759 0.941026089222466 0.9569963211503644 0.9673992252624926 0.9766650524971263 0.9921634126875616 1.0017223139437126 1.0171432612802471 1.0236495572674347 1.0305403106784028 1.05678789158459 1.0649650640796224 1.1064368517649037 1.123411961569922 1.1359854177760944 1.1701515611761153 1.182210915343451
36 576 -0.16744929571442335 -0.04010340097988748 0.015735226710613507 0.14431999918085647 0.6602760595344039 0.8186195353943642 0.8726641430375855 0.9030710934542553 0.9181156411057992 0.9251685436187759 0.941026089222466 0.9569963211503644 0.9673992252624926 0.9766650524971263 0.9921634126875616 1.0017223139437126 1.0171432612802471 1.0236495572674347 1.0305403106784028 1.05678789158459 1.0649650640796224 1.1064368517649037 1.123411961569922 1.1359854177760944 1.1701515611761153 1.182210915343451
37 592 -0.16744929571442335 -0.04010340097988748 0.015735226710613507 0.14431999918085647 0.6602760595344039 0.8186195353943642 0.8726641430375855 0.9030710934542553 0.9181156411057992 0.9251685436187759 0.941026089222466 0.9569963211503644 0.9673992252624926 0.9766650524971263 0.9921634126875616 1.0017223139437126 1.0171432612802471 1.0236495572674347 1.0305403106784028 1.05678789158459 1.0649650640796224 1.1064368517649037 1.123411961569922 1.1359854177760944 1.1701515611761153 1.182210915343451
38 608 -0.16744929571442335 -0.04010340097988748 0.015735226710613507 0.14431999918085647 0.6602760595344039 0.8186195353943642 0.8726641430375855 0.9030710934542553 0.9181156411057992 0.9251685436187759 0.941026089222466 0.9569963211503644 0.9673992252624926 0.9766650524971263 0.9921634126875616 1.0017223139437126 1.0171432612802471 1.0236495572674347 1.0305403106784028 1.05678789158459 1.0649650640796224 1.1064368517649037 1.123411961569922 1.1359854177760944 1.1701515611761153 1.182210915343451
39 624 -0.16744929571442335 -0.04010340097988748 0.015735226710613507 0.14431999918085647 0.6602760595344039 0.8186195353943642 0.8726641430375855 0.9030710934542553 0.9181156411057992 0.9251685436187759 0.941026089222466 0.9569963211503644 0.9673992252624926 0.9766650524971263 0.9921634126875616 1.0017223139437126 1.0171432612802471 1.0236495572674347 1.0305403106784028 1.05678789158459 1.0649650640796224 1.1064368517649037 1.123411961569922 1.1359854177760944 1.1701515611761153 1.182210915343451
40 640 -0.16744929571442335 -0.04010340097988748 0.015735226710613507 0.14431999918085647 0.6602760595344039 0.8186195353943642 0.8726641430375855 0.9030710934542553 0.9181156411057992 0.9251685436187759 0.941026089222466 0.9569963211503644 0.9673992252624926 0.9766650524971263 0.9921634126875616 1.0017223139437126 1.0171432612802471 1.0236495572674347 1.0305403106784028 1.05678789158459 1.0649650640796224 1.1064368517649037 1.123411961569922 1.1359854177760944 1.1701515611761153 1.182210915343451
41 656 -0.16744929571442335 -0.04010340097988748 0.015735226710613507 0.14431999918085647 0.6602760595344039 0.8186195353943642 0.8726641430375855 0.9030710934542553 0.9181156411057992 0.9251685436187759 0.941026089222466 0.9569963211503644 0.9673992252624926 0.9766650524971263 0.9921634126875616 1.0017223139437126 1.0171432612802471 1.0236495572674347 1.0305403106784028 1.05678789158459 1.0649650640796224 1.1064368517649037 1.123411961569922 1.1359854177760944 1.1701515611761153 1.182210915343451
42 672 -0.16744929571442335 -0.04010340097988748 0.015735226710613507 0.14431999918085647 0.6602760595344039 0.8186195353943642 0.8726641430375855 0.9030710934542553 0.9181156411057992 0.9251685436187759 0.941026089222466 0.9569963211503644 0.9673992252624926 0.9766650524971263 0.9921634126875616 1.0017223139437126 1.0171432612802471 1.0236495572674347 1.0305403106784028 1.05678789158459 1.0649650640796224 1.1064368517649037 1.123411961569922 1.1359854177760944 1.1701515611761153 1.182210915343451
43 688 -0.16744929571442335 -0.04010340097988748 0.015735226710613507 0.14431999918085647 0.6602760595344039 0.8186195353943642 0.8726641430375855 0.9030710934542553 0.9181156411057992 0.9251685436187759 0.941026089222466 0.9569963211503644 0.9673992252624926 0.9766650524971263 0.9921634126875616 1.0017223139437126 1.0171432612802471 1.0236495572674347 1.0305403106784028 1.05678789158459 1.0649650640796224 1.1064368517649037 1.123411961569922 1.1359854177760944 1.1701515611761153 1.182210915343451
44 704 -0.16744929571442335 -0.04010340097988748 0.015735226710613507 0.14431999918085647 0.6602760595344039 0.8186195353943642 0.8726641430375855 0.9030710934542553 0.9181156411057992 0.9251685436187759 0.941026089222466 0.9569963211503644 0.9673992252624926 0.9766650524971263 0.9921634126875616 1.0017223139437126 1.0171432612802471 1.0236495572674347 1.0305403106784028 1.05678789158459 1.0649650640796224 1.1064368517649037 1.123411961569922 1.1359854177760944 1.1701515611761153 1.182210915343451
45 720 -0.20500108984014143 -0.056693885055256424 0.027657981861076805 0.19558049826403448 0.6302807146636729 0.7663093965605544 0.7878379494474291 0.8029535054461953 0.8682823053758136 0.8818225811075464 0.8964723751199069 0.9223818007455306 0.9468578378776974 0.9612447439248042 0.9724582721314737 0.9794183457835941 1.0035337214226503 1.0491470120076305 1.0594444294706284 1.0735501220290637 1.1113206276633014 1.1548603151504437 1.1735495401913487 1.1981619658597904 1.2301780130406954 1.2494175546927342
46 736 -0.20500108984014143 -0.056693885055256424 0.027657981861076805 0.19558049826403448 0.6302807146636729 0.7663093965605544 0.7878379494474291 0.8029535054461953 0.8682823053758136 0.8818225811075464 0.8964723751199069 0.9223818007455306 0.9468578378776974 0.9612447439248042 0.9724582721314737 0.9794183457835941 1.0035337214226503 1.0491470120076305 1.0594444294706284 1.0735501220290637 1.1113206276633014 1.1548603151504437 1.1735495401913487 1.1981619658597904 1.2301780130406954 1.2494175546927342
47 752 -0.20500108984014143 -0.056693885055256424 0.027657981861076805 0.19558049826403448 0.6302807146636729 0.7663093965605544 0.7878379494474291 0.8029535054461953 0.8682823053758136 0.8818225811075464 0.8964723751199069 0.9223818007455306 0.9468578378776974 0.9612447439248042 0.9724582721314737 0.9794183457835941 1.0035337214226503 1.0491470120076305 1.0594444294706284 1.0735501220290637 1.1113206276633014 1.1548603151504437 1.1735495401913487 1.1981619658597904 1.2301780130406954 1.2494175546927342
48 768 -0.20500108984014143 -0.056693885055256424 0.027657981861076805 0.19558049826403448 0.6302807146636729 0.7663093965605544 0.7878379494474291 0.8029535054461953 0.8682823053758136 0.8818225811075464 0.8964723751199069 0.9223818007455306 0.9468578378776974 0.9612447439248042 0.9724582721314737 0.9794183457835941 1.0035337214226503 1.0491470120076305 1.0594444294706284 1.0735501220290637 1.1113206276633014 1.1548603151504437 1.1735495401913487 1.1981619658597904 1.2301780130406954 1.2494175546927342
49 784 -0.20500108984014143 -0.056693885055256424 0.027657981861076805 0.19558049826403448 0.6302807146636729 0.7663093965605544 0.7878379494474291 0.8029535054461953 0.8682823053758136 0.8818225811075464 0.8964723751199069 0.9223818007455306 0.9468578378776974 0.9612447439248042 0.9724582721314737 0.9794183457835941 1.0035337214226503 1.0491470120076305 1.0594444294706284 1.0735501220290637 1.1113206276633014 1.1548603151504437 1.1735495401913487 1.1981619658597904 1.2301780130406954 1.2494175546927342
50 800 -0.20500108984014143 -0.056693885055256424 0.027657981861076805 0.19558049826403448 0.6302807146636729 0.7663093965605544 0.7878379494474291 0.8029535054461953 0.8682823053758136 0.8818225811075464 0.8964723751199069 0.9223818007455306 0.9468578378776974 0.9612447439248042 0.9724582721314737 0.9794183457835941 1.0035337214226503 1.0491470120076305 1.0594444294706284 1.0735501220290637 1.1113206276633014 1.1548603151504437 1.1735495401913487 1.1981619658597904 1.2301780130406954 1.2494175546927342
51 816 -0.20500108984014143 -0.056693885055256424 0.027657981861076805 0.19558049826403448 0.6302807146636729 0.7663093965605544 0.7878379494474291 0.8029535054461953 0.8682823053758136 0.8818225811075464 0.8964723751199069 0.9223818007455306 0.9468578378776974 0.9612447439248042 0.9724582721314737 0.9794183457835941 1.0035337214226503 1.0491470120076305 1.0594444294706284 1.0735501220290637 1.1113206276633014 1.1548603151504437 1.1735495401913487 1.1981619658597904 1.2301780130406954 1.2494175546927342
52 832 -0.20500108984014143 -0.056693885055256424 0.027657981861076805 0.19558049826403448 0.6302807146636729 0.7663093965605544 0.7878379494474291 0.8029535054461953 0.8682823053758136 0.8818225811075464 0.8964723751199069 0.9223818007455306 0.9468578378776974 0.9612447439248042 0.9724582721314737 0.9794183457835941 1.0035337214226503 1.0491470120076305 1.0594444294706284 1.0735501220290637 1.1113206276633014 1.1548603151504437 1.1735495401913487 1.1981619658597904 1.2301780130406954 1.2494175546927342
53 848 -0.20500108984014143 -0.056693885055256424 0.027657981861076805 0.19558049826403448 0.6302807146636729 0.7663093965605544 0.7878379494474291 0.8029535054461953 0.8682823053758136 0.8818225811075464 0.8964723751199069 0.9223818007455306 0.9468578378776974 0.9612447439248042 0.9724582721314737 0.9794183457835941 1.0035337214226503 1.0491470120076305 1.0594444294706284 1.0735501220290637 1.1113206276633014 1.1548603151504437 1.1735495401913487 1.1981619658597904 1.2301780130406954 1.2494175546927342
54 864 -0.20500108984014143 -0.056693885055256424 0.027657981861076805 0.19558049826403448 0.6302807146636729 0.7663093965605544 0.7878379494474291 0.8029535054461953 0.8682823053758136 0.8818225811075464 0.8964723751199069 0.9223818007455306 0.9468578378776974 0.9612447439248042 0.9724582721314737 0.9794183457835941 1.0035337214226503 1.0491470120076305 1.0594444294706284 1.0735501220290637 1.1113206276633014 1.1548603151504437 1.1735495401913487 1.1981619658597904 1.2301780130406954 1.2494175546927342
55 880 -0.20500108984014143 -0.056693885055256424 0.027657981861076805 0.19558049826403448 0.6302807146636729 0.7663093965605544 0.7878379494474291 0.8029535054461953 0.8682823053758136 0.8818225811075464 0.8964723751199069 0.9223818007455306 0.9468578378776974 0.9612447439248042 0.9724582721314737 0.9794183457835941 1.0035337214226503 1.0491470120076305 1.0594444294706284 1.0735501220290637 1.1113206276633014 1.1548603151504437 1.1735495401913487 1.1981619658597904 1.2301780130406954 1.2494175546927342
56 896 -0.20500108984014143 -0.056693885055256424 0.027657981861076805 0.19558049826403448 0.6302807146636729 0.7663093965605544 0.7878379494474291 0.8029535054461953 0.8682823053758136 0.8818225811075464 0.8964723751199069 0.9223818007455306 0.9468578378776974 0.9612447439248042 0.9724582721314737 0.9794183457835941 1.0035337214226503 1.0491470120076305 1.0594444294706284 1.0735501220290637 1.1113206276633014 1.1548603151504437 1.1735495401913487 1.1981619658597904 1.2301780130406954 1.2494175546927342
57 912 -0.20500108984014143 -0.056693885055256424 0.027657981861076805 0.19558049826403448 0.6302807146636729 0.7663093965605544 0.7878379494474291 0.8029535054461953 0.8682823053758136 0.8818225811075464 0.8964723751199069 0.9223818007455306 0.9468578378776974 0.9612447439248042 0.9724582721314737 0.9794183457835941 1.0035337214226503 1.0491470120076305 1.0594444294706284 1.0735501220290637 1.1113206276633014 1.1548603151504437 1.1735495401913487 1.1981619658597904 1.2301780130406954 1.2494175546927342
58 928 -0.20500108984014143 -0.056693885055256424 0.027657981861076805 0.19558049826403448 0.6302807146636729 0.7663093965605544 0.7878379494474291 0.8029535054461953 0.8682823053758136 0.8818225811075464 0.8964723751199069 0.9223818007455306 0.9468578378776974 0.9612447439248042 0.9724582721314737 0.9794183457835941 1.0035337214226503 1.0491470120076305 1.0594444294706284 1.0735501220290637 1.1113206276633014 1.1548603151504437 1.1735495401913487 1.1981619658597904 1.2301780130406954 1.2494175546927342
59 944 -0.20500108984014143 -0.056693885055256424 0.027657981861076805 0.19558049826403448 0.6302807146636729 0.7663093965605544 0.7878379494474291 0.8029535054461953 0.8682823053758136 0.8818225811075464 0.8964723751199069 0.9223818007455306 0.9468578378776974 0.9612447439248042 0.9724582721314737 0.9794183457835941 1.0035337214226503 1.0491470120076305 1.0594444294706284 1.0735501220290637 1.1113206276633014 1.1548603151504437 1.1735495401913487 1.1981619658597904 1.2301780130406954 1.2494175546927342
60 960 -0.20500108984014143 -0.056693885055256424 0.027657981861076805 0.19558049826403448 0.6302807146636729 0.7663093965605544 0.7878379494474291 0.8029535054461953 0.8682823053758136 0.8818225811075464 0.8964723751199069 0.9223818007455306 0.9468578378776974 0.9612447439248042 0.9724582721314737 0.9794183457835941 1.0035337214226503 1.0491470120076305 1.0594444294706284 1.0735501220290637 1.1113206276633014 1.1548603151504437 1.1735495401913487 1.1981619658597904 1.2301780130406954 1.2494175546927342
61 976 -0.20500108984014143 -0.056693885055256424 0.027657981861076805 0.19558049826403448 0.6302807146636729 0.7663093965605544 0.7878379494474291 0.8029535054461953 0.8682823053758136 0.8818225811075464 0.8964723751199069 0.9223818007455306 0.9468578378776974 0.9612447439248042 0.9724582721314737 0.9794183457835941 1.0035337214226503 1.0491470120076305 1.0594444294706284 1.0735501220290637 1.1113206276633014 1.1548603151504437 1.1735495401913487 1.1981619658597904 1.2301780130406954 1.2494175546927342
62 992 -0.20500108984014143 -0.056693885055256424 0.027657981861076805 0.19558049826403448 0.6302807146636729 0.7663093965605544 0.7878379494474291 0.8029535054461953 0.8682823053758136 0.8818225811075464 0.8964723751199069 0.9223818007455306 0.9468578378776974 0.9612447439248042 0.9724582721314737 0.9794183457835941 1.0035337214226503 1.0491470120076305 1.0594444294706284 1.0735501220290637 1.1113206276633014 1.1548603151504437 1.1735495401913487 1.1981619658597904 1.2301780130406954 1.2494175546927342
63 1008 -0.20500108984014143 -0.056693885055256424 0.027657981861076805 0.19558049826403448 0.6302807146636729 0.7663093965605544 0.7878379494474291 0.8029535054461953 0.8682823053758136 0.8818225811075464 0.8964723751199069 0.9223818007455306 0.9468578378776974 0.9612447439248042 0.9724582721314737 0.9794183457835941 1.0035337214226503 1.0491470120076305 1.0594444294706284 1.0735501220290637 1.1113206276633014 1.1548603151504437 1.1735495401913487 1.1981619658597904 1.2301780130406954 1.2494175546927342
64 1024 -0.20500108984014143 -0.056693885055256424 0.027657981861076805 0.19558049826403448 0.6302807146636729 0.7663093965605544 0.7878379494474291 0.8029535054461953 0.8682823053758136 0.8818225811075464 0.8964723751199069 0.9223818007455306 0.9468578378776974 0.9612447439248042 0.9724582721314737 0.9794183457835941 1.0035337214226503 1.0491470120076305 1.0594444294706284 1.0735501220290637 1.1113206276633014 1.1548603151504437 1.1735495401913487 1.1981619658597904 1.2301780130406954 1.2494175546927342
65 1040 -0.20500108984014143 -0.056693885055256424 0.027657981861076805 0.19558049826403448 0.6302807146636729 0.7663093965605544 0.7878379494474291 0.8029535054461953 0.8682823053758136 0.8818225811075464 0.8964723751199069 0.9223818007455306 0.9468578378776974 0.9612447439248042 0.9724582721314737 0.9794183457835941 1.0035337214226503 1.0491470120076305 1.0594444294706284 1.0735501220290637 1.1113206276633014 1.1548603151504437 1.1735495401913487 1.1981619658597904 1.2301780130406954 1.2494175546927342
66 1056 -0.20500108984014143 -0.056693885055256424 0.027657981861076805 0.19558049826403448 0.6302807146636729 0.7663093965605544 0.7878379494474291 0.8029535054461953 0.8682823053758136 0.8818225811075464 0.8964723751199069 0.9223818007455306 0.9468578378776974 0.9612447439248042 0.9724582721314737 0.9794183457835941 1.0035337214226503 1.0491470120076305 1.0594444294706284 1.0735501220290637 1.1113206276633014 1.1548603151504437 1.1735495401913487 1.1981619658597904 1.2301780130406954 1.2494175546927342
67 1072 -0.22490673669967948 -0.06800616195790639 0.043820315643733204 0.21329388961605228 0.6136515359396837 0.6708794284046523 0.7600536182271356 0.7904553392641357 0.8024043027610614 0.8582596035279235 0.8760841627624792 0.9059316156826941 0.923390734715354 0.9538560397970501 0.9680126219970937 0.9817876095074918 1.0151146098065782 1.0288209457717468 1.081740093935644 1.0949102210046606 1.135034138931313 1.1687964996072169 1.210841012942929 1.2145576602560424 1.2372760901540705 1.3244848643195768
68 1088 -0.22490673669967948 -0.06800616195790639 0.043820315643733204 0.21329388961605228 0.6136515359396837 0.6708794284046523 0.7600536182271356 0.7904553392641357 0.8024043027610614 0.8582596035279235 0.8760841627624792 0.9059316156826941 0.923390734715354 0.9538560397970501 0.9680126219970937 0.9817876095074918 1.0151146098065782 1.0288209457717468 1.081740093935644 1.0949102210046606 1.135034138931313 1.1687964996072169 1.210841012942929 1.2145576602560424 1.2372760901540705 1.3244848643195768
69 1104 -0.22490673669967948 -0.06800616195790639 0.043820315643733204 0.21329388961605228 0.6136515359396837 0.6708794284046523 0.7600536182271356 0.7904553392641357 0.8024043027610614 0.8582596035279235 0.8760841627624792 0.9059316156826941 0.923390734715354 0.9538560397970501 0.9680126219970937 0.9817876095074918 1.0151146098065782 1.0288209457717468 1.081740093935644 1.0949102210046606 1.135034138931313 1.1687964996072169 1.210841012942929 1.2145576602560424 1.2372760901540705 1.3244848643195768
70 1120 -0.22490673669967948 -0.06800616195790639 0.043820315643733204 0.21329388961605228 0.6136515359396837 0.6708794284046523 0.7600536182271356 0.7904553392641357 0.8024043027610614 0.8582596035279235 0.8760841627624792 0.9059316156826941 0.923390734715354 0.9538560397970501 0.9680126219970937 0.9817876095074918 1.0151146098065782 1.0288209457717468 1.081740093935644 1.0949102210046606 1.135034138931313 1.1687964996072169 1.210841012942929 1.2145576602560424 1.2372760901540705 1.3244848643195768
71 1136 -0.22490673669967948 -0.06800616195790639 0.043820315643733204 0.21329388961605228 0.6136515359396837 0.6708794284046523 0.7600536182271356 0.7904553392641357 0.8024043027610614 0.8582596035279235 0.8760841627624792 0.9059316156826941 0.923390734715354 0.9538560397970501 0.9680126219970937 0.9817876095074918 1.0151146098065782 1.0288209457717468 1.081740093935644 1.0949102210046606 1.135034138931313 1.1687964996072169 1.210841012942929 1.2145576602560424 1.2372760901540705 1.3244848643195768
72 1152 -0.22490673669967948 -0.06800616195790639 0.043820315643733204 0.21329388961605228 0.6136515359396837 0.6708794284046523 0.7600536182271356 0.7904553392641357 0.8024043027610614 0.8582596035279235 0.8760841627624792 0.9059316156826941 0.923390734715354 0.9538560397970501 0.9680126219970937 0.9817876095074918 1.0151146098065782 1.0288209457717468 1.081740093935644 1.0949102210046606 1.135034138931313 1.1687964996072169 1.210841012942929 1.2145576602560424 1.2372760901540705 1.3244848643195768
73 1168 -0.22490673669967948 -0.06800616195790639 0.043820315643733204 0.21329388961605228 0.6136515359396837 0.6708794284046523 0.7600536182271356 0.7904553392641357 0.8024043027610614 0.8582596035279235 0.8760841627624792 0.9059316156826941 0.923390734715354 0.9538560397970501 0.9680126219970937 0.9817876095074918 1.0151146098065782 1.0288209457717468 1.081740093935644 1.0949102210046606 1.135034138931313 1.1687964996072169 1.210841012942929 1.2145576602560424 1.2372760901540705 1.3244848643195768
74 1184 -0.22490673669967948 -0.06800616195790639 0.043820315643733204 0.21329388961605228 0.6136515359396837 0.6708794284046523 0.7600536182271356 0.7904553392641357 0.8024043027610614 0.8582596035279235 0.8760841627624792 0.9059316156826941 0.923390734715354 0.9538560397970501 0.9680126219970937 0.9817876095074918 1.0151146098065782 1.0288209457717468 1.081740093935644 1.0949102210046606 1.135034138931313 1.1687964996072169 1.210841012942929 1.2145576602560424 1.2372760901540705 1.3244848643195768
75 1200 -0.22490673669967948 -0.06800616195790639 0.043820315643733204 0.21329388961605228 0.6136515359396837 0.6708794284046523 0.7600536182271356 0.7904553392641357 0.8024043027610614 0.8582596035279235 0.8760841627624792 0.9059316156826941 0.923390734715354 0.9538560397970501 0.9680126219970937 0.9817876095074918 1.0151146098065782 1.0288209457717468 1.081740093935644 1.0949102210046606 1.135034138931313 1.1687964996072169 1.210841012942929 1.2145576602560424 1.2372760901540705 1.3244848643195768
76 1216 -0.22490673669967948 -0.06800616195790639 0.043820315643733204 0.21329388961605228 0.6136515359396837 0.6708794284046523 0.7600536182271356 0.7904553392641357 0.8024043027610614 0.8582596035279235 0.8760841627624792 0.9059316156826941 0.923390734715354 0.9538560397970501 0.9680126219970937 0.9817876095074918 1.0151146098065782 1.0288209457717468 1.081740093935644 1.0949102210046606 1.135034138931313 1.1687964996072169 1.210841012942929 1.2145576602560424 1.2372760901540705 1.3244848643195768
77 1232 -0.22490673669967948 -0.06800616195790639 0.043820315643733204 0.21329388961605228 0.6136515359396837 0.6708794284046523 0.7600536182271356 0.7904553392641357 0.8024043027610614 0.8582596035279235 0.8760841627624792 0.9059316156826941 0.923390734715354 0.9538560397970501 0.9680126219970937 0.9817876095074918 1.0151146098065782 1.0288209457717468 1.081740093935644 1.0949102210046606 1.135034138931313 1.1687964996072169 1.210841012942929 1.2145576602560424 1.2372760901540705 1.3244848643195768
78 1248 -0.22490673669967948 -0.06800616195790639 0.043820315643733204 0.21329388961605228 0.6136515359396837 0.6708794284046523 0.7600536182271356 0.7904553392641357 0.8024043027610614 0.8582596035279235 0.8760841627624792 0.9059316156826941 0.923390734715354 0.9538560397970501 0.9680126219970937 0.9817876095074918 1.0151146098065782 1.0288209457717468 1.081740093935644 1.0949102210046606 1.135034138931313 1.1687964996072169 1.210841012942929 1.2145576602560424 1.2372760901540705 1.3244848643195768
79 1264 -0.22490673669967948 -0.06800616195790639 0.043820315643733204 0.21329388961605228 0.6136515359396837 0.6708794284046523 0.7600536182271356 0.7904553392641357 0.8024043027610614 0.8582596035279235 0.8760841627624792 0.9059316156826941 0.923390734715354 0.9538560397970501 0.9680126219970937 0.9817876095074918 1.0151146098065782 1.0288209457717468 1.081740093935644 1.0949102210046606 1.135034138931313 1.1687964996072169 1.210841012942929 1.2145576602560424 1.2372760901540705 1.3244848643195768
80 1280 -0.22490673669967948 -0.06800616195790639 0.043820315643733204 0.21329388961605228 0.6136515359396837 0.6708794284046523 0.7600536182271356 0.7904553392641357 0.8024043027610614 0.8582596035279235 0.8760841627624792 0.9059316156826941 0.923390734715354 0.9538560397970501 0.9680126219970937 0.9817876095074918 1.0151146098065782 1.0288209457717468 1.081740093935644 1.0949102210046606 1.135034138931313 1.1687964996072169 1.210841012942929 1.2145576602560424 1.2372760901540705 1.3244848643195768
81 1296 -0.22490673669967948 -0.06800616195790639 0.043820315643733204 0.21329388961605228 0.6136515359396837 0.6708794284046523 0.7600536182271356 0.7904553392641357 0.8024043027610614 0.8582596035279235 0.8760841627624792 0.9059316156826941 0.923390734715354 0.9538560397970501 0.9680126219970937 0.9817876095074918 1.0151146098065782 1.0288209457717468 1.081740093935644 1.0949102210046606 1.135034138931313 1.1687964996072169 1.210841012942929 1.2145576602560424 1.2372760901540705 1.3244848643195768
82 1312 -0.22490673669967948 -0.06800616195790639 0.043820315643733204 0.21329388961605228 0.6136515359396837 0.6708794284046523 0.7600536182271356 0.7904553392641357 0.8024043027610614 0.8582596035279235 0.8760841627624792 0.9059316156826941 0.923390734715354 0.9538560397970501 0.9680126219970937 0.9817876095074918 1.0151146098065782 1.0288209457717468 1.081740093935644 1.0949102210046606 1.135034138931313 1.1687964996072169 1.210841012942929 1.2145576602560424 1.2372760901540705 1.3244848643195768
83 1328 -0.22490673669967948 -0.06800616195790639 0.043820315643733204 0.21329388961605228 0.6136515359396837 0.6708794284046523 0.7600536182271356 0.7904553392641357 0.8024043027610614 0.8582596035279235 0.8760841627624792 0.9059316156826941 0.923390734715354 0.9538560397970501 0.9680126219970937 0.9817876095074918 1.0151146098065782 1.0288209457717468 1.081740093935644 1.0949102210046606 1.135034138931313 1.1687964996072169 1.210841012942929 1.2145576602560424 1.2372760901540705 1.3244848643195768
84 1344 -0.22490673669967948 -0.06800616195790639 0.043820315643733204 0.21329388961605228 0.6136515359396837 0.6708794284046523 0.7600536182271356 0.7904553392641357 0.8024043027610614 0.8582596035279235 0.8760841627624792 0.9059316156826941 0.923390734715354 0.9538560397970501 0.9680126219970937 0.9817876095074918 1.0151146098065782 1.0288209457717468 1.081740093935644 1.0949102210046606 1.135034138931313 1.1687964996072169 1.210841012942929 1.2145576602560424 1.2372760901540705 1.3244848643195768
85 1360 -0.22490673669967948 -0.06800616195790639 0.043820315643733204 0.21329388961605228 0.6136515359396837 0.6708794284046523 0.7600536182271356 0.7904553392641357 0.8024043027610614 0.8582596035279235 0.8760841627624792 0.9059316156826941 0.923390734715354 0.9538560397970501 0.9680126219970937 0.9817876095074918 1.0151146098065782 1.0288209457717468 1.081740093935644 1.0949102210046606 1.135034138931313 1.1687964996072169 1.210841012942929 1.2145576602560424 1.2372760901540705 1.3244848643195768
86 1376 -0.22490673669967948 -0.06800616195790639 0.043820315643733204 0.21329388961605228 0.6136515359396837 0.6708794284046523 0.7600536182271356 0.7904553392641357 0.8024043027610614 0.8582596035279235 0.8760841627624792 0.9059316156826941 0.923390734715354 0.9538560397970501 0.9680126219970937 0.9817876095074918 1.0151146098065782 1.0288209457717468 1.081740093935644 1.0949102210046606 1.135034138931313 1.1687964996072169 1.210841012942929 1.2145576602560424 1.2372760901540705 1.3244848643195768
87 1392 -0.22490673669967948 -0.06800616195790639 0.043820315643733204 0.21329388961605228 0.6136515359396837 0.6708794284046523 0.7600536182271356 0.7904553392641357 0.8024043027610614 0.8582596035279235 0.8760841627624792 0.9059316156826941 0.923390734715354 0.9538560397970501 0.9680126219970937 0.9817876095074918 1.0151146098065782 1.0288209457717468 1.081740093935644 1.0949102210046606 1.135034138931313 1.1687964996072169 1.210841012942929 1.2145576602560424 1.2372760901540705 1.3244848643195768
88 1408 -0.22490673669967948 -0.06800616195790639 0.043820315643733204 0.21329388961605228 0.6136515359396837 0.6708794284046523 0.7600536182271356 0.7904553392641357 0.8024043027610614 0.8582596035279235 0.8760841627624792 0.9059316156826941 0.923390734715354 0.9538560397970501 0.9680126219970937 0.9817876095074918 1.0151146098065782 1.0288209457717468 1.081740093935644 1.0949102210046606 1.135034138931313 1.1687964996072169 1.210841012942929 1.2145576602560424 1.2372760901540705 1.3244848643195768
89 1424 -0.2341990199610364 -0.06932908475391703 0.04589741562164914 0.22376789181855905 0.6060934527439136 0.6842700848575898 0.7482695176076809 0.7634936767207188 0.7855516588834762 0.8133436772584604 0.8523758183782278 0.8924407148825851 0.8986807114629868 0.9295322691618463 0.9581857872568695 0.9941662725930827 1.0047468083240036 1.0307213252237053 1.062325763803583 1.0904245372042296 1.112106759524875 1.176861203700393 1.2254991583975108 1.2317353505010815 1.2898980881863098 1.3956116525030293
90 1440 -0.2341990199610364 -0.06932908475391703 0.04589741562164914 0.22376789181855905 0.6060934527439136 0.6842700848575898 0.7482695176076809 0.7634936767207188 0.7855516588834762 0.8133436772584604 0.8523758183782278 0.8924407148825851 0.8986807114629868 0.9295322691618463 0.9581857872568695 0.9941662725930827 1.0047468083240036 1.0307213252237053 1.062325763803583 1.0904245372042296 1.112106759524875 1.176861203700393 1.2254991583975108 1.2317353505010815 1.2898980881863098 1.3956116525030293
91 1456 -0.2341990199610364 -0.06932908475391703 0.04589741562164914 0.22376789181855905 0.6060934527439136 0.6842700848575898 0.7482695176076809 0.7634936767207188 0.7855516588834762 0.8133436772584604 0.8523758183782278 0.8924407148825851 0.8986807114629868 0.9295322691618463 0.9581857872568695 0.9941662725930827 1.0047468083240036 1.0307213252237053 1.062325763803583 1.0904245372042296 1.112106759524875 1.176861203700393 1.2254991583975108 1.2317353505010815 1.2898980881863098 1.3956116525030293
92 1472 -0.2341990199610364 -0.06932908475391703 0.04589741562164914 0.22376789181855905 0.6060934527439136 0.6842700848575898 0.7482695176076809 0.7634936767207188 0.7855516588834762 0.8133436772584604 0.8523758183782278 0.8924407148825851 0.8986807114629868 0.9295322691618463 0.9581857872568695 0.9941662725930827 1.0047468083240036 1.0307213252237053 1.062325763803583 1.0904245372042296 1.112106759524875 1.176861203700393 1.2254991583975108 1.2317353505010815 1.2898980881863098 1.3956116525030293
93 1488 -0.2341990199610364 -0.06932908475391703 0.04589741562164914 0.22376789181855905 0.6060934527439136 0.6842700848575898 0.7482695176076809 0.7634936767207188 0.7855516588834762 0.8133436772584604 0.8523758183782278 0.8924407148825851 0.8986807114629868 0.9295322691618463 0.9581857872568695 0.9941662725930827 1.0047468083240036 1.0307213252237053 1.062325763803583 1.0904245372042296 1.112106759524875 1.176861203700393 1.2254991583975108 1.2317353505010815 1.2898980881863098 1.3956116525030293
94 1504 -0.2341990199610364 -0.06932908475391703 0.04589741562164914 0.22376789181855905 0.6060934527439136 0.6842700848575898 0.7482695176076809 0.7634936767207188 0.7855516588834762 0.8133436772584604 0.8523758183782278 0.8924407148825851 0.8986807114629868 0.9295322691618463 0.9581857872568695 0.9941662725930827 1.0047468083240036 1.0307213252237053 1.062325763803583 1.0904245372042296 1.112106759524875 1.176861203700393 1.2254991583975108 1.2317353505010815 1.2898980881863098 1.3956116525030293
95 1520 -0.2341990199610364 -0.06932908475391703 0.04589741562164914 0.22376789181855905 0.6060934527439136 0.6842700848575898 0.7482695176076809 0.7634936767207188 0.7855516588834762 0.8133436772584604 0.8523758183782278 0.8924407148825851 0.8986807114629868 0.9295322691618463 0.9581857872568695 0.9941662725930827 1.0047468083240036 1.0307213252237053 1.062325763803583 1.0904245372042296 1.112106759524875 1.176861203700393 1.2254991583975108 1.2317353505010815 1.2898980881863098 1.3956116525030293
96 1536 -0.2341990199610364 -0.06932908475391703 0.04589741562164914 0.22376789181855905 0.6060934527439136 0.6842700848575898 0.7482695176076809 0.7634936767207188 0.7855516588834762 0.8133436772584604 0.8523758183782278 0.8924407148825851 0.8986807114629868 0.9295322691618463 0.9581857872568695 0.9941662725930827 1.0047468083240036 1.0307213252237053 1.062325763803583 1.0904245372042296 1.112106759524875 1.176861203700393 1.2254991583975108 1.2317353505010815 1.2898980881863098 1.3956116525030293
97 1552 -0.2341990199610364 -0.06932908475391703 0.04589741562164914 0.22376789181855905 0.6060934527439136 0.6842700848575898 0.7482695176076809 0.7634936767207188 0.7855516588834762 0.8133436772584604 0.8523758183782278 0.8924407148825851 0.8986807114629868 0.9295322691618463 0.9581857872568695 0.9941662725930827 1.0047468083240036 1.0307213252237053 1.062325763803583 1.0904245372042296 1.112106759524875 1.176861203700393 1.2254991583975108 1.2317353505010815 1.2898980881863098 1.3956116525030293
98 1568 -0.2341990199610364 -0.06932908475391703 0.04589741562164914 0.22376789181855905 0.6060934527439136 0.6842700848575898 0.7482695176076809 0.7634936767207188 0.7855516588834762 0.8133436772584604 0.8523758183782278 0.8924407148825851 0.8986807114629868 0.9295322691618463 0.9581857872568695 0.9941662725930827 1.0047468083240036 1.0307213252237053 1.062325763803583 1.0904245372042296 1.112106759524875 1.176861203700393 1.2254991583975108 1.2317353505010815 1.2898980881863098 1.3956116525030293
99 1584 -0.2341990199610364 -0.06932908475391703 0.04589741562164914 0.22376789181855905 0.6060934527439136 0.6842700848575898 0.7482695176076809 0.7634936767207188 0.7855516588834762 0.8133436772584604 0.8523758183782278 0.8924407148825851 0.8986807114629868 0.9295322691618463 0.9581857872568695 0.9941662725930827 1.0047468083240036 1.0307213252237053 1.062325763803583 1.0904245372042296 1.112106759524875 1.176861203700393 1.2254991583975108 1.2317353505010815 1.2898980881863098 1.3956116525030293
100 1600 -0.2341990199610364 -0.06932908475391703 0.04589741562164914 0.22376789181855905 0.6060934527439136 0.6842700848575898 0.7482695176076809 0.7634936767207188 0.7855516588834762 0.8133436772584604 0.8523758183782278 0.8924407148825851 0.8986807114629868 0.9295322691618463 0.9581857872568695 0.9941662725930827 1.0047468083240036 1.0307213252237053 1.062325763803583 1.0904245372042296 1.112106759524875 1.176861203700393 1.2254991583975108 1.2317353505010815 1.2898980881863098 1.3956116525030293
