% # columns="iteration, evaluation, sigma, axis ratio, bestever, best, median, worst objective function value, interquartile range, 25%tile, current best feasible f-value, further/more values", seed=161168, Wed Nov 26 12:23:00 2025, <python>{}</python>
1 16 0.048556398752884866 1.0000477284116918 75.16218100561461 7.5162181005614613e+01 120.26402629199913 190.49870376838322 19.231333638025035 113.77985269287433 nan   
2 32 0.048688851086433727 1.1262696022816756 73.9573378496998 7.3957337849699798e+01 105.44976012069448 178.54710512776916 36.418216582425316 95.22109213526892 nan   
3 48 0.05043326719678313 1.1628851095622592 42.564792872413605 4.2564792872413605e+01 100.15017529280625 170.25491534413115 43.54810110775587 64.34182955908278 nan   
4 64 0.05203850809479686 1.2236942765028789 40.355012183848714 4.0355012183848714e+01 59.550530874903764 101.3705932948894 27.923279620034464 50.4094716457372 nan   
5 80 0.0524006738323749 1.2595374675204303 20.778721907878502 2.0778721907878502e+01 58.29871286545801 97.32083043879157 22.32570192701693 46.069379523202706 nan   
6 96 0.05321187786717866 1.2851634597960726 15.6244837784764 1.5624483778476399e+01 59.110357027008575 118.54776711713566 38.122841917719285 36.80545426324754 nan   
7 112 0.056531070867780316 1.3187560815600834 15.6244837784764 1.7807223693436132e+01 42.841441451226345 90.92993524172547 37.02608834124384 34.54232742508152 nan   
8 128 0.059983867884222906 1.3898901359119178 15.6244837784764 2.1723944106564012e+01 49.5450332267491 138.63394038067963 59.87413276178328 27.792821258550354 nan   
9 144 0.06279366287598047 1.4778012261050797 15.6244837784764 1.9656894949080254e+01 40.955383385959514 81.46529881519109 25.09139754231368 30.995539691423325 nan   
10 160 0.06398363463769119 1.5857039751766737 14.125438119234106 1.4125438119234106e+01 41.56899052493854 89.17275181050071 17.077401273846974 32.062193742760144 nan   
11 176 0.06640473262149595 1.6118662860942332 14.125438119234106 1.6170312057083674e+01 43.88073911870588 94.59418271028754 21.013601401006248 30.78094888613378 nan   
12 192 0.06612851428876605 1.6302512175419952 14.125438119234106 2.3985106010910162e+01 44.066552658495105 96.0232219246687 21.376220309066 35.60164292210238 nan   
13 208 0.06553162595631186 1.6369009017868377 14.032461864344192 1.4032461864344192e+01 41.88382079301112 100.00043974765002 34.19577496987445 25.120147205614053 nan   
14 224 0.06643458139689445 1.6683558627841875 14.032461864344192 2.0173027572802145e+01 33.9293868066753 81.3697996515762 13.786282261022222 27.05015103722343 nan   
15 240 0.06797185834005998 1.6906667367489117 14.032461864344192 1.9150862956584000e+01 34.056501030962366 131.02077440222047 16.899038015948832 26.844828929942224 nan   
16 256 0.06514912524093601 1.7178427569795436 10.208963322373053 1.0208963322373053e+01 32.07224864186996 50.20034173670737 20.598295815704816 24.345036102403455 nan   
17 272 0.06279461002244584 1.7369946321191623 10.208963322373053 1.5117053520658365e+01 54.24536214017117 84.36074240582333 38.05307357896909 33.37562186837022 nan   
18 288 0.06292127318891393 1.744217593938564 10.208963322373053 1.2186332257428287e+01 35.32438521377583 110.57495229410752 34.2212147150576 28.65511357466714 nan   
19 304 0.06354065777194685 1.7568495706710283 10.208963322373053 2.0275174561093170e+01 30.569915315832908 86.11633995480805 36.54979832877746 21.437628964967303 nan   
20 320 0.06312849180397793 1.7715830022742596 10.208963322373053 1.0263164112190299e+01 42.34263050912184 84.21138746728845 20.02436939366942 30.423204127608795 nan   
21 336 0.06340380224016669 1.7927732889050711 10.208963322373053 2.2241788402964751e+01 44.04419734694334 88.20256964286821 34.95210163035138 25.536367650818647 nan   
22 352 0.061630643172624316 1.7975248754370865 10.208963322373053 2.0238018910764811e+01 42.32074644297359 70.64280035839725 29.305971170198887 33.18850075175938 nan   
23 368 0.06262069136765223 1.8087083114420788 10.208963322373053 2.0346241339736562e+01 36.804077161400656 80.51733852964658 22.560982405787993 28.71349199692448 nan   
24 384 0.06468316559235769 1.8304276832612072 10.208963322373053 1.0450663675501296e+01 22.126438118495393 60.373425724113865 15.398344814805832 16.411575178751356 nan   
25 400 0.06674687299617532 1.859485619468977 10.208963322373053 1.0336523552117237e+01 32.45084258276022 50.48641557999147 12.049432960698716 23.464542374023615 nan   
26 416 0.06925510163414897 1.8758995458201255 10.208963322373053 1.0396835500054671e+01 32.3979523443341 61.44745570897092 17.862006280027245 28.351462022097117 nan   
27 432 0.06927988042158534 1.894207935736256 10.208963322373053 2.0375743775637957e+01 48.432716295109174 72.31125084415972 32.91353681965901 22.34473129570045 nan   
28 448 0.068111340109813 1.8902737066570303 10.208963322373053 1.0296717204710077e+01 30.354452944552452 84.06029981699446 17.086511184067554 20.47461144575078 nan   
29 464 0.06867232101508296 1.8960921439463732 10.208963322373053 1.0548257452441936e+01 32.35996583606813 86.03167094149472 25.8668281298392 22.269913439139565 nan   
30 480 0.0692851811671199 1.901663721647615 10.208963322373053 1.0466191345806051e+01 32.44304353142441 78.0447744653217 19.371797584701106 21.382550069962853 nan   
31 496 0.07002137228831101 1.9450099575089888 10.208963322373053 1.0512471292389307e+01 24.53012564358291 80.50323234152496 23.77336748989046 22.5945733253033 nan   
32 512 0.06997167406412437 1.9429980810976295 10.208963322373053 1.0294000195102376e+01 30.6524954031686 57.30615748729147 22.020027594967843 20.33869836170399 nan   
33 528 0.07221177406125279 1.9598879447437443 10.208963322373053 1.5977703032089991e+01 40.10046005761165 80.62356039967285 23.786044040966125 23.62467458534359 nan   
34 544 0.07319884796183672 1.9552948722118177 10.208963322373053 1.0429083369966715e+01 28.191952718408675 84.11998983727496 27.920938431516735 20.300515448604838 nan   
35 560 0.07206427091086004 1.9536342064606524 10.208963322373053 1.8115010078923468e+01 30.24335433839072 50.7214324515254 16.811678174899427 22.365812190540822 nan   
36 576 0.07193747036412644 1.9461434948125067 10.208963322373053 2.0277862902729350e+01 36.70556151770763 97.93947859051848 17.39871141591769 29.177646320009387 nan   
37 592 0.07019281065861273 1.9855995631888035 10.208963322373053 1.0699525683506639e+01 38.82749367032045 72.01273500601485 15.083266885054819 30.38390793332392 nan   
38 608 0.06932306737329591 1.9760884842988102 10.208963322373053 1.2483685005959380e+01 30.50606709505389 50.514270224732364 15.161307752052071 22.44479141494484 nan   
39 624 0.06865450039635089 2.0043621578944943 10.208963322373053 2.0304852624818611e+01 26.45972049234309 70.54537044763671 17.05270775607709 23.37764981263974 nan   
40 640 0.06785634322868832 2.0295138767394403 10.208963322373053 1.4241998123738458e+01 28.5630099422203 88.58948156046621 23.088651117884567 21.418121474527652 nan   
41 656 0.06589942761986009 2.0388496964467184 10.208963322373053 1.0554890458839081e+01 30.63535425909186 50.34802417707716 12.965035096498 24.357970959762568 nan   
42 672 0.06492885398165907 2.0406604747095582 10.208963322373053 1.2425057910137294e+01 40.317875768505935 84.29169554011833 22.93074437686747 21.40104122360503 nan   
43 688 0.06488504855182929 2.047542678219247 10.208963322373053 2.4059361963119347e+01 40.305314641298814 76.40568121528014 14.98030462590432 30.292737440415355 nan   
44 704 0.06470414288087212 2.0606467032404185 10.208963322373053 1.6103479895866105e+01 40.19433051340093 87.68275093131763 36.79234729074721 28.243713623054866 nan   
45 720 0.06244010372135898 2.0602769986441247 10.208963322373053 1.4362112224024175e+01 49.95489180937145 101.95285806467709 37.731917971730205 27.284801168102952 nan   
46 736 0.06061074080478583 2.066121260185728 10.208963322373053 1.4336751372908378e+01 30.470229080421507 85.88255476869944 23.045186399261585 19.30929490484493 nan   
47 752 0.06115787194656989 2.084488333982959 10.208963322373053 1.4254541390473829e+01 30.637324442436757 98.27725964079102 23.93266107904943 19.382367572815205 nan   
48 768 0.0612277650626035 2.090518052906841 10.208963322373053 1.4404693235603194e+01 27.003555041045647 95.01433059588396 15.956955224946636 22.325793790254128 nan   
49 784 0.06354891153200247 2.108302877348015 10.208963322373053 1.4113053048750514e+01 30.081789717296953 88.20600942820714 15.883286351408543 26.203410977849458 nan   
50 800 0.06413892546742204 2.113910396654286 10.208963322373053 1.6514621194970921e+01 36.278338323183284 102.14332546425908 43.951708114445445 26.166963584305925 nan   
51 816 0.06296050724000611 2.1288444645184668 10.208963322373053 1.6244448625454893e+01 27.302971550075387 80.2594969379266 11.263473096441512 21.01979423863624 nan   
52 832 0.061302373485372444 2.15929153082723 10.208963322373053 1.2405023697913553e+01 28.612453475585813 48.571893088543774 12.261701380360552 19.263276327294907 nan   
53 848 0.061683660637008975 2.1560532533920074 10.208963322373053 1.2428038681148053e+01 40.440349820167285 84.18559632581817 32.01150691317295 23.370156753239037 nan   
54 864 0.06315095117332138 2.155943741274683 10.208963322373053 1.2525830596119379e+01 30.450617829287804 74.33021536181111 21.56617514614853 20.632983902870144 nan   
55 880 0.06477114645551703 2.165055236603645 10.208963322373053 1.2362186547558325e+01 28.55802826606347 40.9797518822245 14.796897450958994 20.710073119685504 nan   
56 896 0.06510839112520536 2.1730444141130802 10.208963322373053 1.0871586991484024e+01 30.528754827392063 86.63965601606068 24.101953937098443 22.413458273706397 nan   
57 912 0.06432527239166834 2.201069093027059 10.208963322373053 1.0487056728113513e+01 30.345837151914935 94.23835547041713 42.35060903278299 20.601291579384515 nan   
58 928 0.062164402534674076 2.208440045162898 10.208963322373053 1.2556147698535417e+01 29.096937769219743 66.446500367419 15.941185794491346 19.616751867050894 nan   
59 944 0.06011498988235381 2.2285154295657597 10.208963322373053 1.4365278557058399e+01 34.59962037911179 60.710720381515195 15.686951595055401 22.800344465993707 nan   
60 960 0.05683955622645509 2.248089397539926 10.208963322373053 1.2380651941394646e+01 24.351952129794686 34.63367565493218 11.99197884394697 19.3993785797061 nan   
61 976 0.053218122340735016 2.271632569631631 10.208963322373053 1.2242726439920192e+01 24.430686521939855 54.57561672456884 17.05444240944939 15.435832775431397 nan   
62 992 0.04985159677997271 2.2996328837223228 10.208963322373053 1.0313995191307319e+01 22.60562779088431 68.19809420150588 18.934205013753566 11.4362101230553 nan   
63 1008 0.04686299459156417 2.3097492278909715 10.208963322373053 1.0458904488585670e+01 30.41700757107018 76.15106044693705 24.11965568627955 15.316232518970672 nan   
64 1024 0.04463777698037648 2.2986808693425753 10.208963322373053 1.0405929674951272e+01 22.51197374659171 42.372884762366695 10.93361951115605 15.332089679121946 nan   
65 1040 0.043154269784848466 2.2843864144694566 10.208963322373053 1.0351162372431656e+01 20.59891262289998 52.54090909994262 9.346503883733298 17.2288807701003 nan   
66 1056 0.04157596603808275 2.307984920345577 10.208963322373053 1.0509453768168473e+01 20.508150037209006 62.20017207416978 7.175801803057384 15.209796420278115 nan   
67 1072 0.04023924062621969 2.3070914508047853 10.208963322373053 1.2451531756016216e+01 20.60081605097795 34.147595052573664 7.110984206028739 15.30283551232332 nan   
68 1088 0.039094230029971554 2.3353060470140545 10.208963322373053 1.0551953480268910e+01 30.33896968480628 52.60202820791691 21.2534698227451 14.344907090066744 nan   
69 1104 0.039635946840199346 2.3198175292763072 10.208963322373053 1.0628909567792594e+01 22.475005976854927 40.68894470407759 6.062659717107895 17.460244865468077 nan   
70 1120 0.03827523322853248 2.312673068995233 10.208963322373053 1.0599847572711505e+01 20.58495192337268 36.496622711855366 8.125458727256113 15.389630719704979 nan   
71 1136 0.03671793988740035 2.318403920907707 10.208963322373053 1.0460482610025265e+01 20.71393076469993 32.42017807966507 10.006961127004745 13.46926367126993 nan   
72 1152 0.035809861024617015 2.326203790992474 10.208963322373053 1.0551603589359827e+01 22.42144635695717 40.84536808316187 14.259340611037729 16.44366654119122 nan   
73 1168 0.03543728340143269 2.3034374247773473 10.208963322373053 1.0434338666492886e+01 16.31702663424167 40.77823894025707 9.866970471050195 11.635787018651975 nan   
74 1184 0.03480299753605857 2.291607038678851 10.208963322373053 1.0437357101764409e+01 14.6742825547489 30.65186343721385 9.922908924374822 10.653661991480925 nan   
75 1200 0.03422615881781861 2.292612688803366 10.208963322373053 1.0464730010388950e+01 20.555195725057516 32.37967921598988 12.872819237883286 10.58616194029158 nan   
76 1216 0.0337436085473369 2.2971225607340044 10.208963322373053 1.0458498761584380e+01 20.562351134208413 72.41374674241882 9.161546558412942 11.504616140418003 nan   
77 1232 0.03286096069938365 2.2640967020133154 10.208963322373053 1.0407365818561258e+01 20.652926233078293 32.36575819522495 15.90130573272144 10.531970063727229 nan   
78 1248 0.03312298742418305 2.2605655488187257 10.208963322373053 1.0391963432321562e+01 20.414095966754203 32.35488031552069 11.065208786335404 10.460222221549031 nan   
79 1264 0.03183787716268812 2.252712830017231 10.208963322373053 1.0463693472127272e+01 22.29448133508892 34.41041387439542 12.807438038218796 12.50537126037297 nan   
80 1280 0.030557933709166974 2.2591775995923102 10.208963322373053 1.0409159184147747e+01 20.43781281662288 62.31877484015141 11.102561723588341 10.489822655345133 nan   
81 1296 0.02916833618010173 2.256305673324281 10.208963322373053 1.0384321678089075e+01 14.343326958491927 30.55689311552623 7.082334476511132 10.444642997579987 nan   
82 1312 0.029038228415106906 2.2478931742894805 10.208963322373053 1.0357537938302881e+01 20.56687940108582 40.52834363616567 18.903919862690298 11.541755615432063 nan   
83 1328 0.028549441649203647 2.255650250287683 10.208963322373053 1.0342291765584072e+01 20.378915944384083 30.478163407185946 10.883350504078528 10.558336681243237 nan   
84 1344 0.028257423134549448 2.3040275649371553 10.208963322373053 1.0370843308960374e+01 20.454716528387827 24.38706033718914 9.132462430043866 11.382484413843827 nan   
85 1360 0.027850789277109583 2.3496117445101534 10.208963322373053 1.0363671672521034e+01 12.393556354110446 30.452059455395542 10.95594889998657 10.434634020746387 nan   
86 1376 0.027151841058837188 2.372466072138957 10.208963322373053 1.0281120015132998e+01 20.458861329870448 76.09223191551884 11.74430225889434 11.439464785861379 nan   
87 1392 0.0267694387334025 2.359439049164594 10.208963322373053 1.0302568612348635e+01 12.31691604217973 22.463206844918748 10.123283115278682 10.376165880924304 nan   
88 1408 0.026148569203272687 2.3836266368554373 10.208963322373053 1.0354602244758825e+01 20.29038962663978 40.34731706920007 9.97852932299175 10.42027790444828 nan   
89 1424 0.026492906365238475 2.3933527010140447 10.208963322373053 1.0315904674624544e+01 12.376498226529176 32.37722993391772 9.148228396222166 11.339978697022634 nan   
90 1440 0.027063470259953544 2.390328828500687 10.208963322373053 1.0247947006443875e+01 12.255981757997379 20.423291987446618 9.949741853993363 10.326998576190508 nan   
91 1456 0.027540584783160446 2.410826083598518 10.076720137620656 1.0076720137620656e+01 20.108001381620713 20.44251647816629 9.976660724028466 10.336321950443395 nan   
92 1472 0.02792651071226896 2.459920056957685 10.076720137620656 1.0175923162322146e+01 20.241417951260086 22.251861222844198 9.937475216171961 10.3607638615116 nan   
93 1488 0.028686417545611135 2.4874697574338396 10.076720137620656 1.0132667059021951e+01 10.32163015647631 30.374683427636253 1.9932327780670391 10.209100658729774 nan   
94 1504 0.02859130327218948 2.5439811853660363 10.076720137620656 1.0185255834739255e+01 15.919086059846698 62.06435387823574 10.02061061227798 10.249849466302432 nan   
95 1520 0.028915555926825313 2.6055058987126256 10.076720137620656 1.0123380468494780e+01 12.102728028484648 64.08364446587672 11.016558970306153 10.214580028267488 nan   
96 1536 0.028194316405099746 2.618629896714303 10.060289620516144 1.0060289620516144e+01 12.221123873726249 70.19290537674588 8.058180099056306 12.052862152506679 nan   
97 1552 0.027612762487765546 2.640304625319094 10.003532300168201 1.0003532300168201e+01 12.13257490076516 38.937855366317905 7.375605347854059 10.257545953584248 nan   
98 1568 0.027661377942066304 2.7124062669575184 10.003532300168201 1.0077589213095305e+01 20.025605315410093 41.00040115004796 10.093219988648336 10.176857038808343 nan   
99 1584 0.026593007199972415 2.7235835819150385 10.002952318709843 1.0002952318709843e+01 20.209741282113953 30.35805603102222 11.966693393904883 10.15845823729935 nan   
100 1600 0.026046704249136347 2.7453441629468505 10.002952318709843 1.0011399030094903e+01 12.147229538226574 33.935817412391735 9.947306716217206 10.138235127137797 nan   
