% # columns="iteration, evaluation, sigma, void, void,  stds==sigma*sigma_vec.scaling*sqrt(diag(C))", seed=161168, Wed Nov 26 12:23:00 2025, <python>{}</python>
1 16 0.048556398752884866 0 0 0.048932924962039666 0.04964936561814173 0.04837628178118545 0.04830947605830599 0.0484248567297382 0.048314663831108835 0.048053955775504045 0.04870041077967973 0.04853978697744165 0.04846635021172671 0.049051424802198894 0.04839900032108965 0.048450998176545655 0.04875752708432006 0.048639763338273974 0.048633769144329174 0.0482135844774155 0.04871336113637527 0.048199238468178404 0.04874083920252727 0.048462837352126385 0.04793052510212583
2 32 0.048688851086433727 0 0 0.04912836463020089 0.04958408499568904 0.04845632156804924 0.04810773283199575 0.04850874005740719 0.04841508835733731 0.04812971309223222 0.04901566907896037 0.04882797466881003 0.04803612534155373 0.049376893276407756 0.048105465743382335 0.048190086505808846 0.04901707327472978 0.04868895549758862 0.04875144830596636 0.04834836834272677 0.04887906184467988 0.0485490954426923 0.04865110497249042 0.048426143566389565 0.048308075183862015
3 48 0.05043326719678313 0 0 0.05151951958691565 0.05150507940451484 0.05025026118716469 0.04967741163055832 0.050210587955021736 0.05012490358551258 0.04967583052785038 0.051050684056674976 0.0504848331716932 0.04927452424928487 0.05133366389319531 0.049484946760519406 0.049815044264633374 0.050835567997312196 0.05068323193013714 0.05057166974785305 0.050657359696976115 0.050384427322635164 0.05071308496948743 0.05029009802041357 0.05063569196333239 0.049865686878475896
4 64 0.05203850809479686 0 0 0.052995728794845764 0.05315919880149234 0.051376029464014115 0.05128176012324927 0.052088884334537684 0.0519613007452749 0.05127647491533483 0.05238518643513181 0.05197793738484604 0.05081545520539046 0.0531736582300306 0.051309297033677675 0.0515705979222887 0.05232008913537513 0.05224359668758758 0.05240086464114983 0.05226421452091403 0.0518270382456751 0.05258670576680722 0.051639921319868984 0.052676514870038216 0.05157087422316496
5 80 0.0524006738323749 0 0 0.053455682062426985 0.05399018461334294 0.051922065576014684 0.051110237600467186 0.05227672961124345 0.052564433245638253 0.050932138898840726 0.05301484813216873 0.052525097423361686 0.05113664434185011 0.05337004857244787 0.051161337905181604 0.05213968892639392 0.05262783150101652 0.05193705081763164 0.052874010965657 0.05256514892257187 0.05215895963373935 0.053297225784710446 0.05212954336250101 0.05301451506049142 0.05195367070011286
6 96 0.05321187786717866 0 0 0.05424521504936508 0.054689208084192094 0.05253345004864098 0.05176124348105981 0.05270742509923563 0.053171366616729644 0.0515898688508799 0.05375603866277205 0.053472438478877844 0.05192634391640344 0.05472435540335922 0.052060750581558436 0.052925738666710374 0.05308197450550173 0.05259486899274886 0.05393217083730538 0.05333457876745769 0.05270273531583453 0.05465576044435706 0.05311271063612499 0.053986466495486995 0.052656799695944945
7 112 0.056531070867780316 0 0 0.05761218296303946 0.05811586381469008 0.05587902940712122 0.05508026111209912 0.05638769139365949 0.05678147781115454 0.054712153996285914 0.056923128315003256 0.05714539021301672 0.05535245086237858 0.05820918740102635 0.05523052744913716 0.05618322715133563 0.05692237007386614 0.05547236869507392 0.056879457569394866 0.057094985158819625 0.055870859157270455 0.058543568026671496 0.057696977624894875 0.05842214241271114 0.05576672333443176
8 128 0.059983867884222906 0 0 0.061192605376943925 0.061828990837565725 0.058838442386976844 0.05842159865566722 0.05977799346197665 0.05996858241018178 0.057428739778634844 0.06034342090731143 0.061266475971215095 0.05909440430534659 0.062235871500602155 0.05871133222569565 0.06061304466723062 0.06062725928994543 0.05901869206922221 0.06012567292833831 0.06066815130208135 0.05915367826600663 0.06298875244982052 0.06188997825120965 0.06250726494276419 0.059387680258145364
9 144 0.06279366287598047 0 0 0.06350619725449098 0.06489270303209888 0.061546531385913844 0.06126853436828275 0.0631152825301815 0.06261520798758723 0.060055040950475376 0.0630417760402238 0.06500959583493196 0.061321039499579774 0.06628592603574988 0.06158027788852857 0.06333934887684074 0.06359133370152675 0.06175270447036755 0.06294580802659966 0.0638199296326347 0.06164483018818301 0.06649033706387085 0.06468117940786097 0.06573663430880439 0.06266179433129755
10 160 0.06398363463769119 0 0 0.0645197488110988 0.06613983626163694 0.06277693167596773 0.0632953678440252 0.0645450538325504 0.06414707082548826 0.0613427432987508 0.06393178928631994 0.06615869728418756 0.06264772201017749 0.0678777780801496 0.06307171328850489 0.06506391639568133 0.06424906048261089 0.06383125887076767 0.06446383884974886 0.06450552140376847 0.06285287732406422 0.06724032209063766 0.06595307653706625 0.06743184359059393 0.06407996385522445
11 176 0.06640473262149595 0 0 0.06674581890141736 0.0682631838349266 0.06490978435721646 0.06686428820708613 0.06680292033025453 0.06586633048953769 0.06350835161454231 0.06680001539354088 0.06927248217602072 0.06510347225411776 0.07100042464032 0.0652980458633118 0.06749916221121718 0.06613812347787774 0.06625471815300596 0.06695049436177938 0.06670084937878713 0.06505702528895822 0.070048199228926 0.06848252132205884 0.0698646961028302 0.0665024965311401
12 192 0.06612851428876605 0 0 0.0666279254181376 0.06799198992903788 0.0635575711083827 0.06708858952320743 0.06643254049488209 0.06552721534479677 0.06302953224840672 0.06609327039026454 0.06839993829279034 0.06486758617570902 0.0706534414546412 0.0650966746472919 0.06707218670365113 0.06582621430187394 0.06630977057419277 0.06644433049791915 0.06612917640002926 0.06467830393829085 0.07001148857197229 0.0679511957678237 0.06946726548649011 0.06718576925134831
13 208 0.06553162595631186 0 0 0.065980791376602 0.06690226481809147 0.06292648961853167 0.06638231696429044 0.06545758069653619 0.06567507220005307 0.06249504862285771 0.06538883388482186 0.06777082116067862 0.0641088060357374 0.07012794857220558 0.06379551004947204 0.06639629301640353 0.06463377568933289 0.06642737663143367 0.06577048643715279 0.06535710121652769 0.06321119324637428 0.06974820168616769 0.06738471209308917 0.06921976437400441 0.06696798965728878
14 224 0.06643458139689445 0 0 0.06725142618283272 0.06739041421232822 0.06383118201421935 0.06845593758306266 0.06639494394622039 0.0670331020011452 0.06326568833752202 0.06600826061818785 0.06953870683146368 0.06518310256196297 0.07024264916164312 0.06437785706507008 0.06704465860103485 0.06519478004118433 0.0671970935581599 0.06649409524614185 0.06595184096610944 0.06400981195440851 0.0712781293856199 0.06827905580784413 0.07061855793642613 0.06811704493648381
15 240 0.06797185834005998 0 0 0.06877617602195701 0.06823146121254198 0.06545980321090256 0.07230201940299137 0.06763365608208509 0.06898445440731901 0.06452394162847336 0.06761084702637273 0.07174201915412451 0.06688065128690043 0.07210840052280702 0.06568320079014621 0.0688377569241983 0.06654514231333286 0.0682553168225695 0.0677582358594343 0.06721811014967215 0.0657535351006456 0.07275963032479468 0.06978922822364815 0.07229629350352436 0.06954080173867491
16 256 0.06514912524093601 0 0 0.06568941200355584 0.06502026840293011 0.0629569899637769 0.07014527417247551 0.06431706792921897 0.06619988899802158 0.06177236551612369 0.06457570647671891 0.06920074093021698 0.06403091734995375 0.06853218011819645 0.06304298218054026 0.06586314496552848 0.06368980962655285 0.06549443833452218 0.06453334848521011 0.0638293765354908 0.06262972702479884 0.06967233477315556 0.06655679189873827 0.06985380369395532 0.06718356854011417
17 272 0.06279461002244584 0 0 0.06310914003728055 0.06239807848297469 0.06109853945242838 0.06816798134649527 0.06132505688674116 0.06367104008269106 0.05943528802008255 0.06223024737893782 0.06650673931223174 0.06240119626256167 0.06587726024405759 0.06039178987875152 0.06344747148285267 0.062078165989355207 0.0629423263758008 0.06207068803713518 0.06068270287322633 0.06050783603021162 0.06771937151595682 0.06350151433214613 0.06640075656027623 0.06496728127720763
18 288 0.06292127318891393 0 0 0.06301401777197643 0.06211263283123733 0.060420471661299664 0.06875801104385308 0.06130230774560648 0.06402087133003952 0.059263177459288933 0.06147229693242804 0.06634704875872652 0.06258586648330261 0.06684437779119821 0.0614065178012299 0.06357650812709349 0.06294346442346102 0.0628800801670875 0.06229014832345056 0.060622450956528004 0.060650245551710336 0.06802875954662062 0.06355428356427995 0.06645708954091542 0.06542209609548622
19 304 0.06354065777194685 0 0 0.06333085893116325 0.06265785986562852 0.06091772335924526 0.069012358823205 0.06167630532588561 0.06493429213405881 0.05993350867415589 0.062255951786648556 0.06635638766120054 0.0629184737361395 0.067530556427879 0.0625871734060211 0.06428414193970218 0.06369575744966595 0.06267773104746203 0.06279268442171833 0.06146887735922693 0.06148294633072397 0.06860264333867379 0.06451979569706165 0.06717677888881703 0.0664149959484509
20 320 0.06312849180397793 0 0 0.06321860397260826 0.06117511318544597 0.06048213329918307 0.06915206136176198 0.06103702869453555 0.0647672577908929 0.059651863523906265 0.061607417349478985 0.06462184641133133 0.06271704864459018 0.06680572723318587 0.0625826197738135 0.06349492862488612 0.06352213137434222 0.06207762246056628 0.06249615550850048 0.06102754990968604 0.06122383561287781 0.06836512000500933 0.0640782708147971 0.06708063246904995 0.06561250249205205
21 336 0.06340380224016669 0 0 0.06359776252063153 0.06162036856656163 0.06030601657455441 0.06909259541270207 0.06073497952040411 0.06485156647653177 0.060339103585792746 0.06133497678425134 0.06497267369854726 0.06276224652052212 0.06666435808600572 0.06316072048861239 0.0640256991345101 0.06491312311454699 0.06232826393955499 0.06249925999700129 0.06137366445607168 0.0616201504282852 0.06838693823390808 0.06384942462047133 0.06712263405500973 0.06578158978066974
22 352 0.061630643172624316 0 0 0.06189831218062026 0.0599699129746805 0.05851645585804666 0.06701181175803622 0.05851531957085642 0.06308034736128078 0.05880071478737731 0.059628660112924316 0.06310248333330666 0.06112538567866248 0.06483276253457705 0.0609306465866732 0.06235939371100534 0.06278751581337312 0.06055487242451977 0.060693660862706576 0.059568916958418885 0.059957334465024784 0.06610216132887743 0.06143099666506792 0.06488762961048856 0.06354629658558777
23 368 0.06262069136765223 0 0 0.06287709749173626 0.06068057031117482 0.05928321443665031 0.06799414126010411 0.05959544900818856 0.06359604342524428 0.05956773298338478 0.06048267662665997 0.06357689467899487 0.06321978938305367 0.065841993742948 0.06149218968254293 0.06346984098924434 0.06452122053835625 0.06131012133651118 0.06196114181360486 0.06045967742605623 0.06141560339323687 0.06728848512840917 0.06295972487818838 0.06632627053047212 0.06478269518852606
24 384 0.06468316559235769 0 0 0.06557408442121132 0.0623469495816558 0.06138976691799267 0.07145176930769591 0.06177899728312598 0.06533988317862155 0.06119483025413219 0.0627117719248336 0.06585563284182208 0.06652187120060869 0.06823173015172779 0.06364541840251994 0.06516203945067552 0.06665005654406105 0.06354872605680689 0.06373785663086544 0.06246640797384939 0.06361009273018968 0.06889182709442256 0.06425024509842521 0.06828833399158642 0.06705974867740318
25 400 0.06674687299617532 0 0 0.06797261093025073 0.0641350669154892 0.06366939760508111 0.07412086852081376 0.06355527275352271 0.06813912217148108 0.06317159081090644 0.0646079184176457 0.06720406878288905 0.06944384297302006 0.06995045081685301 0.06586375531878398 0.06756704986461769 0.06900906023574867 0.0657631006513473 0.06617043785767932 0.0644027249887418 0.06549528220684206 0.07105703436034415 0.0667590014616409 0.070797648001922 0.06765439447434395
26 416 0.06925510163414897 0 0 0.07008626850282036 0.06723186916719139 0.0660726235448403 0.07718292215911077 0.06588311927559783 0.07095865591719352 0.06578564972488114 0.06716485709226037 0.06950021373994218 0.07248178041847686 0.07178754950378469 0.06798881254987264 0.07026727341068893 0.0723217541166425 0.06816384893352213 0.06879631711332458 0.06627639281344583 0.06706212455096572 0.0734268164875911 0.06982993687929101 0.07343150728118342 0.06970925479279094
27 432 0.06927988042158534 0 0 0.07033850237086808 0.06707915246154691 0.06597418449606246 0.07725647174706125 0.06546301555107883 0.07127894046662116 0.06614618848352695 0.06739738127985599 0.06928813941117529 0.0726763493422055 0.07154494628184342 0.06836444799890876 0.0701729677330424 0.07254207064371392 0.06767677080959124 0.06913269057596905 0.06553299119606162 0.06639556053505373 0.07367639597672107 0.0693330223915545 0.073658157643727 0.06935335339700387
28 448 0.068111340109813 0 0 0.06877925145566409 0.0660438025479474 0.06465886789872746 0.07631030427955952 0.06435820687054591 0.07010853897519902 0.06517944734401335 0.06569701343184263 0.06823245403934644 0.07118968800660799 0.06952736137234206 0.06743149901603206 0.06825900392526035 0.070922688282059 0.06657981232989336 0.06836092446926029 0.06419401629496002 0.06486001347194645 0.07230349663148206 0.06805063168803557 0.07242814299299395 0.068027052418859
29 464 0.06867232101508296 0 0 0.0690375421658615 0.06657406141005914 0.06460738388630997 0.07623057762847332 0.06500049099367795 0.07055789859282732 0.06643936800720157 0.06628552431876941 0.06846537862405848 0.07212010002227695 0.06997029370084407 0.06876284680925725 0.06837771932860427 0.07145717111467006 0.0668233726332188 0.07002384653080475 0.06446163589601607 0.0649537187538827 0.07297935174023874 0.068530863308751 0.07299831752808968 0.06879944185380524
30 480 0.0692851811671199 0 0 0.06958430353008345 0.06745049223340531 0.06540586286374382 0.07660541483294438 0.06511980519859545 0.07134771595297337 0.06728554858624103 0.06674533440824601 0.06953854372908269 0.07331255250188488 0.07068652678692053 0.06935491633525437 0.0683444260153747 0.07237650017698857 0.06664103032376273 0.07153755283353742 0.06540198295119312 0.06536551225645047 0.07427687167391651 0.06840517598571641 0.07371253920412942 0.06985397145222857
31 496 0.07002137228831101 0 0 0.0701942254682161 0.0682959888682648 0.06563843085883657 0.07767767713316084 0.06630774143122241 0.07174771813049066 0.06774178546150346 0.06709835659127229 0.07048652410072274 0.07403614229917234 0.07137222777644217 0.07011716547500356 0.06867219255069688 0.07291010580131778 0.0678407532735355 0.07310126839402031 0.06655577155955664 0.0661634788666701 0.07503225383407586 0.06912761759548695 0.07428497196017994 0.07093615239164007
32 512 0.06997167406412437 0 0 0.07066964632527052 0.06778992066614684 0.06563853438721652 0.07763911421374103 0.06579770327683296 0.07146698011107444 0.06772884608022352 0.06631593435381904 0.07043708410384449 0.07413764478637389 0.07113094213523628 0.07047896051453358 0.068275923335602 0.0729717281608272 0.06773767137287523 0.07351120108881275 0.06617363464871762 0.06616955321901684 0.07558565961719675 0.069417025274722 0.07393406679556701 0.07128717415504632
33 528 0.07221177406125279 0 0 0.07275390329989871 0.0701208104337852 0.06822869245695096 0.0800885328496603 0.06754331322899676 0.07374389549823472 0.06978255285172918 0.06815487882167659 0.0732089458173788 0.07763177701754644 0.07412920097421037 0.07295071117476781 0.06933048710379199 0.07515741646491801 0.07034141589005614 0.07574999097585175 0.06887735454435043 0.06823137677092167 0.0779077403239524 0.07173135792238632 0.07628148978254128 0.07391945312445931
34 544 0.07319884796183672 0 0 0.0738924474268892 0.07107852328588574 0.06921929413013 0.07990881419813341 0.0685395238611875 0.07457067226763701 0.07045211372240881 0.0691912605177209 0.0729967093252668 0.07875618698366911 0.07555681803673023 0.07421132375575944 0.07017655897137733 0.07570100245629233 0.07028820534640987 0.07676290824338444 0.07070864693884694 0.06962285791135887 0.07952827228874702 0.07254571479524106 0.07690180042944003 0.07498954944124261
35 560 0.07206427091086004 0 0 0.07153715949848001 0.06963119467817479 0.06806393237531637 0.07845171801405659 0.06719285213526005 0.07294342830299809 0.06871455993709022 0.06819713463133044 0.07212932842556796 0.0784756120544453 0.07389593314447462 0.07298165223853044 0.07007039600469939 0.07414934374664686 0.06941515545571195 0.07570756609528659 0.06965214209205153 0.06813787070484874 0.07842609668244616 0.07091451744339704 0.07625227466411151 0.0739110087344265
36 576 0.07193747036412644 0 0 0.07108679207034681 0.0695852133156201 0.06763130897715487 0.07860969941190181 0.0669783883861275 0.07261723088134818 0.06897835894334178 0.06803608670362153 0.07196994127304139 0.07881366207395685 0.07338768753333336 0.07245038456224752 0.06968672055857635 0.07430233052180753 0.06893146664275303 0.07546457145379389 0.06946918680965282 0.06885411510860069 0.07878595890570321 0.07074371817030664 0.07667328036635233 0.07364409197318843
37 592 0.07019281065861273 0 0 0.06930107911057523 0.06777361833855737 0.06602644973970948 0.0766634805023041 0.06576840684908608 0.07060426905468631 0.06742471482037031 0.06599740892568877 0.07065261781317854 0.07716183626197227 0.07152125154673658 0.07026234337160021 0.06795829363579009 0.07316660067821248 0.06674317780675966 0.07297301464669884 0.06762052106710756 0.06666493472426235 0.07639884049533759 0.06817755514702212 0.07490801520134173 0.0718511703800068
38 608 0.06932306737329591 0 0 0.06835636408987805 0.06674046042519793 0.06515230743964313 0.0759267232913595 0.06520148238704189 0.06966361165528603 0.06662693967655957 0.06513435788684172 0.06947144751541384 0.07613047370332546 0.07067673820876325 0.06928830744113719 0.06704777477613325 0.07254272438267749 0.06547870636980992 0.07167446995736569 0.0668710905183974 0.06572140832227932 0.0757285729079657 0.06746082393269379 0.07400562028582225 0.07027588802643749
39 624 0.06865450039635089 0 0 0.06748119531209658 0.06620916080796792 0.06533702889481471 0.07553870964314378 0.06418643562306027 0.06962129666697972 0.06638029833526699 0.06420231616897278 0.06868700071223659 0.07578121306439095 0.07001078932074878 0.06880298288121466 0.06603187651788525 0.07180246223157556 0.06477826305498852 0.07091251580965685 0.06684613154193625 0.06605499055401358 0.07392265157920856 0.0671027603107948 0.0729972237235202 0.06914227288553959
40 640 0.06785634322868832 0 0 0.067145804902778 0.06588760761740552 0.06473202652000103 0.0748780170276898 0.06292683044410695 0.06830833320210081 0.0652273548182152 0.06378058102061632 0.06830297255695252 0.07503609224688453 0.06936140358285132 0.06780302746594266 0.06444476529270302 0.07080630396975722 0.06409997967351572 0.06995230370964513 0.06664553869004819 0.06513012211535524 0.07291241144251479 0.06589708502904668 0.07219534777137904 0.06882573768537989
41 656 0.06589942761986009 0 0 0.06518156494222828 0.06394618575953843 0.06213590860802889 0.07288184111919478 0.06077029687390656 0.06632650746383764 0.0627017366445756 0.06194536190215703 0.06645473439094755 0.07221869547685351 0.0670208529263922 0.0658507457694168 0.06252447316435511 0.06853789918118224 0.0626535576366173 0.06804580765882705 0.0649152545177082 0.06314434840001185 0.07081861539784676 0.06369983829546337 0.07007239734909718 0.06715463474878168
42 672 0.06492885398165907 0 0 0.06395166151960179 0.06285642006058957 0.06112417677123932 0.07165188819635963 0.05980604652128759 0.06493800278234128 0.061476651284771616 0.06103578551509665 0.06586164080817697 0.07045939305517948 0.06582372902007091 0.0648935400720187 0.061705030573293816 0.06736861523237589 0.06150959503686672 0.0668298020026698 0.06396770942186561 0.06209548633270053 0.06930478153045162 0.06286926583023325 0.06902272084639267 0.06599383765843765
43 688 0.06488504855182929 0 0 0.06419095053407954 0.062271060307588534 0.060972931927588916 0.07134191676282249 0.060027582317104033 0.06472909824437564 0.061150234976348965 0.061064511600030284 0.06541756797699573 0.07035855942406886 0.06588095675300336 0.06488746907215688 0.06170842274837898 0.06802085404890804 0.06114836980629228 0.06680601622085239 0.06354424836875637 0.06199073043334534 0.06948127601257723 0.06273042582097621 0.06983968114944168 0.06528911788918278
44 704 0.06470414288087212 0 0 0.06420255737404575 0.061880956302778276 0.060445039038230126 0.07107870769633479 0.05978635971992372 0.06410910002897231 0.06078687186792815 0.06083251871519867 0.06494499478458042 0.06951593767165967 0.06570937012773236 0.06453907969158884 0.061532356862451114 0.06820785261819248 0.06044649578308649 0.06672153799958645 0.06406451502227752 0.06157619713788141 0.0695033518016182 0.06227362663757147 0.07007454997296055 0.06423151783660278
45 720 0.06244010372135898 0 0 0.06173868003568592 0.05952016089871662 0.05803932435046149 0.06888498673849464 0.057563604458604645 0.06179389313759019 0.05800575799835628 0.058580029214222465 0.06280949516956084 0.06693259722403785 0.06313749365408865 0.06209553418093023 0.05915061782568383 0.0660601278673819 0.057573836323867755 0.06435014575895934 0.0617191562996996 0.05893980811842071 0.0664464375511579 0.059933486044337986 0.06785414482760971 0.061728963321395346
46 736 0.06061074080478583 0 0 0.05994230836457697 0.05768563511295222 0.05592030202296686 0.06661608619593433 0.05574637379188278 0.059839903761161974 0.05612291091766668 0.05752126380727814 0.060792020279021135 0.06553509966962627 0.06058327102079852 0.06024177747018177 0.05735547407892016 0.06409826072839556 0.055634913911146076 0.06213746084132201 0.06046115315622748 0.05727826479392509 0.0643495849127872 0.05808113079945557 0.06563389500684917 0.0594717621183528
47 752 0.06115787194656989 0 0 0.06060805735641043 0.05894348663944748 0.0562597896865406 0.06742951138160501 0.05623515534032689 0.060369569121185025 0.057134963670548225 0.05802731834511339 0.06183951570274461 0.06691590663889016 0.0603186213235559 0.060731809496768735 0.05790889115220581 0.06438571072864202 0.05627062389008799 0.06299252054201601 0.06090142159222513 0.057037599306994216 0.06470740672898245 0.05835139337759373 0.06582839567945621 0.06049437806141831
48 768 0.0612277650626035 0 0 0.06070334997818555 0.05855210414020782 0.055977035047988816 0.06783672065207867 0.0560032618337686 0.059988457708514166 0.05690901564378545 0.05790013644453955 0.06201095815867669 0.06697661657959156 0.060579302405939964 0.06140427454391878 0.05837470378526634 0.06465186409112601 0.0561095189461541 0.0630191564490649 0.06105754713239426 0.05671695850018678 0.06464046421638805 0.05828559124637942 0.06551807057963616 0.06073930078681905
49 784 0.06354891153200247 0 0 0.0633531041702207 0.06070585563032196 0.058040125396128156 0.07047567685578854 0.05807254519441291 0.062018296025005054 0.0591465021610956 0.06009276083191191 0.06382212057412441 0.07046473066547743 0.062344868955514145 0.06472531634982388 0.06080996834625296 0.06681341613540731 0.05731290095842874 0.06483458027571261 0.06327696516899707 0.05865959485042987 0.06788616225752127 0.06070402546348062 0.06824608283020385 0.06289619886874633
50 800 0.06413892546742204 0 0 0.06344720617076385 0.06077115422228869 0.058439180587335306 0.07116291806711295 0.058294091728746236 0.06263115056632929 0.0593702002339107 0.06036880850468032 0.06460556783317228 0.07200168615253194 0.062137023843165495 0.06476629489760434 0.06165029756299742 0.06769038825741604 0.0575837787177319 0.0655198046544012 0.06335537606397101 0.05910186940650815 0.06834722116093446 0.06197154783441653 0.06907464737313082 0.06333581885756938
51 816 0.06296050724000611 0 0 0.06234715292048082 0.060047827197707605 0.05745148562594274 0.06940560710201113 0.05722599410068715 0.0618921872696931 0.05837657408843092 0.059326821213567894 0.06297184933957746 0.07107135691259497 0.06141221224334629 0.06352603754161158 0.06086806608446417 0.06643000382413802 0.05680041298317146 0.06466355309229369 0.061594233854385894 0.05828805720337362 0.06688900794653298 0.06069425982815383 0.067391708001069 0.062270304607073286
52 832 0.061302373485372444 0 0 0.06104493543111535 0.05911929884873661 0.055898062455145565 0.06691043974777416 0.055541794061224364 0.05992777668542821 0.05684908617121595 0.05791119529920944 0.06105958822206861 0.06875861183221156 0.05979175282217055 0.06150509215555516 0.0591469618635141 0.06474045266501623 0.05528635822915007 0.06266450925151554 0.06024580738499036 0.056539861751162254 0.06516594572930406 0.05833856980586908 0.06586427508933397 0.06085781158374727
53 848 0.061683660637008975 0 0 0.06116491893372241 0.06013618327410709 0.05631874287667353 0.06704870669924498 0.055890745914376 0.05985675008055407 0.057357277199373814 0.05808004756514875 0.061884123396094434 0.06922188496923472 0.05935786131933328 0.06128743415776027 0.05892351442294706 0.06544005258459647 0.05499728070096838 0.06374890617163796 0.06017578805731927 0.05737177194463132 0.06512333282817437 0.05872157383160338 0.06646548192282274 0.06093758893576288
54 864 0.06315095117332138 0 0 0.06258746756899719 0.06169663497116709 0.05708085773475381 0.06909557827256861 0.057213233779663274 0.06060290280660032 0.0582852406794492 0.05949413638073604 0.06281432538650959 0.0706005695320461 0.06044922143001524 0.06253695328494838 0.06032363155389631 0.06733493635982354 0.055858950999177155 0.06555352392686248 0.0614719354867339 0.058781837931611444 0.06649534520279994 0.06096303867857885 0.06842322610576125 0.062348243240642046
55 880 0.06477114645551703 0 0 0.06388480351231646 0.06286103304358041 0.0589900998245926 0.07137997304671691 0.05848640375669935 0.06252692998795002 0.060604597516158876 0.061099865637640034 0.06526631541012617 0.0723130226638932 0.061705571344676455 0.06409414763434114 0.06208645279070859 0.06859135722173575 0.05725570854610412 0.06696070295105161 0.0638116246876015 0.05988613251744723 0.06808459893879845 0.06396731465453148 0.07023697979916366 0.06407728617122414
56 896 0.06510839112520536 0 0 0.0634255577938077 0.06345621884258688 0.05894302706618189 0.07237563361840296 0.05849361997453944 0.06259161836631595 0.061120415991520564 0.06116882648478569 0.06543761368123575 0.07279715820826534 0.06187506512663373 0.06431258047933751 0.0625193623647271 0.06890502500858774 0.05691434923495457 0.06689961715049594 0.06450183190963182 0.06031007010862151 0.06866365466145427 0.06496306844343584 0.07078411714045973 0.0645872444997317
57 912 0.06432527239166834 0 0 0.06223975887941211 0.0623403651146842 0.05818644639126751 0.07135678413439389 0.05781625671448478 0.061330539401536266 0.06012944490491339 0.060179158133950916 0.06444529032653688 0.07160659689510665 0.061451912293900665 0.06382928942880098 0.06160185378102261 0.06809681230083889 0.0557674739983475 0.0659106213069866 0.06396082402026262 0.05976756239574325 0.06823415798388341 0.06411143044810827 0.06994601863006424 0.06330850297974927
58 928 0.062164402534674076 0 0 0.06009230122532127 0.06016759715676906 0.05621887472957482 0.06905986250925139 0.05494834684580397 0.05876884111106721 0.05827063510441988 0.05744478051657839 0.06216764391685378 0.06907035401731745 0.058944216432381756 0.06190450886712532 0.05942855222835459 0.06604708710895105 0.05359191770476891 0.063303775582804 0.06219906598249391 0.05812088275666175 0.06511938250062407 0.06236359817459155 0.06763121263483003 0.06136798993534582
59 944 0.06011498988235381 0 0 0.058053700343798635 0.058244243502058084 0.054397912800732584 0.06595403654296164 0.05346529151700669 0.05703104206017911 0.05642032145793202 0.05551605483028968 0.059707237631680246 0.0667111760094381 0.05660124574238051 0.06011536308116438 0.057310067035021464 0.06375607769295584 0.05129057236026647 0.06068803334767421 0.059976330697847795 0.05652625607668907 0.06274608751467722 0.060718068882191605 0.06548985907593874 0.059416662787371545
60 960 0.05683955622645509 0 0 0.05457822379706043 0.054911194123434356 0.051338745812016376 0.06202630618397644 0.05051770307315697 0.0538997606511059 0.05313292987811017 0.052315860992018105 0.05647068792712339 0.06306007774800759 0.05263008213420321 0.057116519254083245 0.053798208563795136 0.059921651898611185 0.04827391803109293 0.057521950740555244 0.05638525278765319 0.05327050456368611 0.059495561059373495 0.05767031936295046 0.061917481038923215 0.05618163096628066
61 976 0.053218122340735016 0 0 0.05150843397305185 0.051261542892038 0.04810057153433361 0.057998166158297046 0.0473074390678937 0.05043385138116397 0.04973038768233315 0.048274244319628005 0.05250505478712288 0.05909784616189578 0.048885825524672834 0.05339970390409087 0.05035315158779409 0.056088026050691873 0.045325236440595454 0.05382531696100591 0.05256541658564743 0.049591587555328734 0.05588870807549239 0.054031479877383264 0.05771974403891427 0.052491945403981034
62 992 0.04985159677997271 0 0 0.04830009432063142 0.047669438537980925 0.04516303085488968 0.05321785084387056 0.04436136193102939 0.04705481920960471 0.046776738159303784 0.045175158414148216 0.049040138727508495 0.05512267630080861 0.045685554600875165 0.0502195773639658 0.047095687512661376 0.052373460192170485 0.04209933387764326 0.05020650899461896 0.049241877927158846 0.04672132511555261 0.05217883748813797 0.050757479834772946 0.05395848245443474 0.04910608335882572
63 1008 0.04686299459156417 0 0 0.04552080250902648 0.044823000966768146 0.042692595067678266 0.04984980202597767 0.041698708672415555 0.044371801396165284 0.043548239316572895 0.04238277001641129 0.04651397229372693 0.05157925563414682 0.04306781284354545 0.04708816663568076 0.04376831658917463 0.04886945314939489 0.03918133123374345 0.046883780295303025 0.04599813349261013 0.043666671806364674 0.04930527172345254 0.04730229154509893 0.05068676879133321 0.04570128027047693
64 1024 0.04463777698037648 0 0 0.043501020139097187 0.04243122558536574 0.04067618375426668 0.0469226650463503 0.03952836364083406 0.042162464886786225 0.041582267856217 0.040285197859234616 0.04365727788865172 0.04912374675088573 0.04210868162449543 0.044787534792316896 0.04169033695674474 0.04635900182353613 0.03745358542584796 0.04508121420274446 0.04392926828222971 0.04149666250917261 0.047058028852089005 0.045230578565155805 0.04825962649607629 0.0435798316095044
65 1040 0.043154269784848466 0 0 0.04163899628419312 0.04161150407094445 0.03910556037525191 0.04541211736944386 0.03785497812573479 0.040864955899859175 0.04005749036182873 0.03899949380499572 0.04195193685694868 0.04739672571561246 0.040604321389217664 0.04332721693342186 0.04022446934640181 0.0447770363583784 0.035837868481421335 0.043585941104102306 0.0425127340012941 0.040260436646041675 0.045504685677695784 0.04369112847945614 0.046583990744823486 0.042413739332669974
66 1056 0.04157596603808275 0 0 0.040004583897290565 0.04005552306271515 0.03742423315864375 0.04391711746422277 0.03700638075651903 0.039120362658610984 0.03876924678202498 0.03787999017593929 0.04051026999953851 0.04522172645564721 0.03899933263137579 0.04164606759021711 0.03875559650785589 0.04287253480746831 0.03398022199273915 0.04181145191868784 0.041170781841807814 0.03887392822847931 0.04388481442722419 0.042075307986488626 0.044742957749017084 0.04089325784932273
67 1072 0.04023924062621969 0 0 0.03870192440988083 0.03859718332676899 0.0361143936691286 0.042768511911997306 0.03577168177345772 0.03777184324296609 0.03765719841904592 0.03664730184823801 0.03910460105284872 0.04398984770200956 0.03768272013074273 0.03982601901103815 0.03749523844107733 0.04147987586029964 0.03267794789746643 0.04013634397320507 0.03981957597076594 0.03746584385206621 0.04255331892764354 0.04110653494138231 0.043324604389876335 0.03921519715662628
68 1088 0.039094230029971554 0 0 0.037737011378937695 0.03737885232874308 0.0349364415498772 0.04161231257572824 0.03440254871371867 0.0366883466245179 0.03647047230262116 0.03527783125708561 0.037693835639062444 0.042354573654756006 0.03664122874623219 0.038965901251732896 0.03648239724630228 0.04015418758930594 0.03153718410222074 0.0392503321316747 0.03855927746824122 0.03616340963307599 0.04126898659788767 0.03991950398795853 0.04208418125620474 0.03803481769135848
69 1104 0.039635946840199346 0 0 0.038186165520661 0.037687138937708815 0.03573799030841707 0.04187556533793874 0.03436725757022918 0.03708395292616131 0.037094845744239595 0.03574566018745462 0.03807776420894685 0.04290495199091952 0.03707551814947029 0.039524311720114336 0.036952525664693404 0.04067551926337201 0.031965435850023864 0.04006136251057963 0.03908971104992898 0.0366597062433755 0.04181716081033006 0.040418577394396416 0.04295582343309724 0.038579197058283235
70 1120 0.03827523322853248 0 0 0.036903193730569196 0.03619091587619936 0.03450220828226566 0.04040758573104319 0.03313255240646274 0.03535590779869351 0.03553340098417347 0.03469261327885022 0.03688291945311335 0.04146686012366405 0.03571991529998664 0.037893729326088636 0.035509642202398536 0.03895325304391979 0.030752582918258355 0.03872595616434982 0.03785556305907431 0.035306205480625776 0.040069720704134254 0.038937751378999255 0.042117530656578646 0.03727637939612697
71 1136 0.03671793988740035 0 0 0.03529935957015414 0.03470134544137816 0.03293575901691526 0.03895458769365344 0.03162633372875989 0.03385955928742894 0.03367737308505704 0.03326350399586637 0.035231612185486476 0.03946931447034704 0.03445099638635266 0.03618310253481197 0.03417926285087849 0.03726638499780279 0.029164212923752566 0.03695381053263198 0.036312749111445754 0.03401428924716413 0.03833258517489398 0.03723751832438611 0.040526143225568655 0.03596005280002659
72 1152 0.035809861024617015 0 0 0.0343635809222077 0.03383324259957145 0.032132655432979274 0.03811850593642353 0.031061597767627323 0.03303366632709624 0.032646746028261925 0.032422231868755244 0.034115079630191884 0.038333503799591384 0.03385286905039067 0.03526423837171764 0.033479993889811314 0.03608567209971805 0.028266151400784808 0.03549209265932978 0.035247020377855445 0.033323882646896286 0.03740306851843293 0.03611498473538637 0.03951533953813844 0.035470897351110926
73 1168 0.03543728340143269 0 0 0.03410190855649165 0.03337190014502062 0.03215694279016395 0.03746199295191547 0.030657434906156578 0.032823602417970645 0.03234892934432751 0.03186462993447521 0.0334550251718318 0.03787543626587316 0.033673004047173154 0.034554239955465846 0.03294237863388589 0.0356463170898314 0.027961120004270288 0.03500432818917094 0.03473074074979981 0.03308522609552853 0.036838015923384766 0.036055270546525464 0.039214485337976224 0.03504902652717781
74 1184 0.03480299753605857 0 0 0.03361925848766155 0.03246193415709973 0.031453688784386896 0.03657691554738541 0.02999156899305918 0.0322158508544476 0.03178238950858748 0.031731594896385634 0.03273191095374779 0.037230885745748 0.03331137025661828 0.03399546115894253 0.03235353927784899 0.03482758524830899 0.027416558484053017 0.03434428402925651 0.03429504039994099 0.03249603837607752 0.03622856861104557 0.03531731755214536 0.038578257135148696 0.03447539097339743
75 1200 0.03422615881781861 0 0 0.03307182660658068 0.03187672424813183 0.031086115585847816 0.03612182106718621 0.02922818045385246 0.031535723098876096 0.031002241478710064 0.031230429877675256 0.031910148227384735 0.03642570374900084 0.032844651375365436 0.03347264574050325 0.03175590297342712 0.03422510110131676 0.026937409320612792 0.03414811102932384 0.03382970509911069 0.031732893335698634 0.035698897860288625 0.034790087688459016 0.03765521018821655 0.034221295194543554
76 1216 0.0337436085473369 0 0 0.03249540637730433 0.030962475136672163 0.030726108735823515 0.03542041804993198 0.028845034349736513 0.03092269089114616 0.03057493470693759 0.030933316279182037 0.03126143368366901 0.03606748665899885 0.0319036273761514 0.032938708530210595 0.031277953774590334 0.03376531058279162 0.02631582982035851 0.03367696134812211 0.03328282319586998 0.031148524816019905 0.03524751111554877 0.03435568260100385 0.03710838276912137 0.033603275314582626
77 1232 0.03286096069938365 0 0 0.03162135732857614 0.030217940629024297 0.029825274497440827 0.03459815121337127 0.027655938744884846 0.030068143133976766 0.029688466461232774 0.030062729688761423 0.030225291593439594 0.03511404331076122 0.030994163466087295 0.03216824522167993 0.030398232146749728 0.03288362918394088 0.02567461836005309 0.03255945462204378 0.032295214579664264 0.029999114265587375 0.03440056885963805 0.033575475652695703 0.036194453548999236 0.03285959716143966
78 1248 0.03312298742418305 0 0 0.03196481597876648 0.03061542014076852 0.030060887985183624 0.03503305501894848 0.027678178361684725 0.03038080690373647 0.029984156677534055 0.030478912402120216 0.030147011674951117 0.03534155086595218 0.031079735228425644 0.032442541741265506 0.030541102160832355 0.03321823265046425 0.02582193427022581 0.03275312713311352 0.03272909266333804 0.030057409040707646 0.034689749913397884 0.033725964505712136 0.03651677821982992 0.033131194632706695
79 1264 0.03183787716268812 0 0 0.030671311744868958 0.02939032916574049 0.028792940432361747 0.03346441328584187 0.02647772211877284 0.02906233696799124 0.02905899840779759 0.02910424783971623 0.02880373587235058 0.03369994929108874 0.029863711923771612 0.03126056467396509 0.02907490880800162 0.03206688463355008 0.024848272985988865 0.03162935964052181 0.03147136042785225 0.028892384087682597 0.033250587477280893 0.03249323436327663 0.03485794409218549 0.03159651311301094
80 1280 0.030557933709166974 0 0 0.029399970106256695 0.02787668109156872 0.027646357469044605 0.03184355415292774 0.0255436688482179 0.027748652404423105 0.027856137103770502 0.02746827510290972 0.0276937821871677 0.03219451383375075 0.028572198504142735 0.0300962252600701 0.027949130996355348 0.030756643316815525 0.023880635600719506 0.030292343995895567 0.03012377076002552 0.027816854768098902 0.03174465588354259 0.03100042503753558 0.03323080857687299 0.030225012460152086
81 1296 0.02916833618010173 0 0 0.028008933454131673 0.026616669827791487 0.026150056758974582 0.03016924896723468 0.024332191973004992 0.026285659336521914 0.02641608649112776 0.026204004525497447 0.026194696417494487 0.030778857883169138 0.026783509817136467 0.028541665564909648 0.026970902432714456 0.029450717977478592 0.022765589793771645 0.028866333637430974 0.028885034074970357 0.026428449045254376 0.03039689536613458 0.029645533275549158 0.031485144540008156 0.0284677257126834
82 1312 0.029038228415106906 0 0 0.02758439332658871 0.0266852125821397 0.026074653110378224 0.029962069659767318 0.024189554443002307 0.02605982715475004 0.02584005245552546 0.026151433912991826 0.026568472411527648 0.030588311113109223 0.026413646183011754 0.02835319210427973 0.026989047723762066 0.029434864663334184 0.02256703073957945 0.02857202843864817 0.02875247369444465 0.02612648354008559 0.030353014841491024 0.02956290377850706 0.0314127261488155 0.028493313334420428
83 1328 0.028549441649203647 0 0 0.02692400962520937 0.026213535731019713 0.025385394549748818 0.02984598365346589 0.023694171889775954 0.02560859061649609 0.025392169981381763 0.02546829649459268 0.0264077200386268 0.02987923211803434 0.025973102967971513 0.028329064305450676 0.026575385372944613 0.029025570164103218 0.021982730478207153 0.027948620173233445 0.028154089770352372 0.02588255195515944 0.030091749330340103 0.028956518775427865 0.030975860344897774 0.027801235051744495
84 1344 0.028257423134549448 0 0 0.026622084569280592 0.02617521998057695 0.02493802417773742 0.029659633601385713 0.02350371611986768 0.025395771886028196 0.025060135641100014 0.02516164665987446 0.026130078592112933 0.02948185058445074 0.025774943882541076 0.028033729110638377 0.026193934550915392 0.028689418797294152 0.02187674145222049 0.027374707557590725 0.027741705713224783 0.025734372173789075 0.029721361729473247 0.02854443027377606 0.03045619391962536 0.02760967032044582
85 1360 0.027850789277109583 0 0 0.02620488550817255 0.02587373544721876 0.024645813125146642 0.029370876170780307 0.023158332206307423 0.025259785649333608 0.024846275402872806 0.024701962282074486 0.02551429812075488 0.028812699073507284 0.02546307749589403 0.027519546063164577 0.025697864312607552 0.028465297000723307 0.02128624429400341 0.02683477713248197 0.027183721289549045 0.025541836557101284 0.02934252526192261 0.027663349045616785 0.02994539749195393 0.027171517482558152
86 1376 0.027151841058837188 0 0 0.025467292267489203 0.025241544729299896 0.02394414857042138 0.028729281953108032 0.02252413572673944 0.02474246302340481 0.02417014921681565 0.024158874565557764 0.02492841846881567 0.02795776236954627 0.02488768136228659 0.02697402119485468 0.025059886099740632 0.02758240066745282 0.02074386406471174 0.02610673534535111 0.026301271021946463 0.025028917261990167 0.028463268116477366 0.026952231276546754 0.029253015731798962 0.026374210922698524
87 1392 0.0267694387334025 0 0 0.02503975719412021 0.02495715063270723 0.023479437272639455 0.028015579812765434 0.022184317534188834 0.024327117412996757 0.02384720749188041 0.02384969311465888 0.024808760309424218 0.02737038629454595 0.024653922526877772 0.02680040575886978 0.024702597270658343 0.027345261509823776 0.02045517668715477 0.025723672092588246 0.026029716476471083 0.024557675015509532 0.028579216369222647 0.02661136965084554 0.02881853299676656 0.025934291584221572
88 1408 0.026148569203272687 0 0 0.02451494498726032 0.024324473707305505 0.02275202182767341 0.027421302377963874 0.021263948727841295 0.02376177449449017 0.023444187881980487 0.02321360698314124 0.024310436657552913 0.02678133062950378 0.023854348725905302 0.026145400448976713 0.02416815586014409 0.026800187594344434 0.01988627129351334 0.024987980834472765 0.025451792400849264 0.023948710835273272 0.028021929497959463 0.02599454958849859 0.028336453873454306 0.025340704193000427
89 1424 0.026492906365238475 0 0 0.02472998464563288 0.024546484026630743 0.023251790929685347 0.028142198485148574 0.02165046135057445 0.02419091839397049 0.023939356971146797 0.02341385889021591 0.024572064560716794 0.027275850338004875 0.02384290850051527 0.026551222330766542 0.024629152092009415 0.027087028848447412 0.02022582677334446 0.025700754665164364 0.025776214046717476 0.02427747073024793 0.028063775711489422 0.02642249926618592 0.028544463615176437 0.025706287314724848
90 1440 0.027063470259953544 0 0 0.02515312178082061 0.02507408916002281 0.023635540099877554 0.028761701321059693 0.02221378870378824 0.024367670197539038 0.024524801548319316 0.0238999922701774 0.025173439265169767 0.02800276316286905 0.024340650852970786 0.027369033419521648 0.025037108249009614 0.027652079201583798 0.020730377110285008 0.02637686140445225 0.026356675763862476 0.024790207328037512 0.028888888745281092 0.026978724424346366 0.02892803679187003 0.02640025898598631
91 1456 0.027540584783160446 0 0 0.025527659894052222 0.025524040888643157 0.023641668576690433 0.02944257771151693 0.022377660125866974 0.02483987222611526 0.024918489807736748 0.02426653128758669 0.02565300188623407 0.02873163308328216 0.024918240197531194 0.027863063786389978 0.02575969640268784 0.028019917311538772 0.02107759185714097 0.02694291410993087 0.026846308703031656 0.0253838716961929 0.029424553822708765 0.027445611501745334 0.029334112415662725 0.026990285050609103
92 1472 0.02792651071226896 0 0 0.025857657259524106 0.02586939572585157 0.02376897351733895 0.029742504933030846 0.022553186656813714 0.025218036214317195 0.026019077593517598 0.02458574632455382 0.025880809836573346 0.029277620018815186 0.025146080128981285 0.028116662436772025 0.02621559269947831 0.028347337533223736 0.021412244771202786 0.027320119770562028 0.02744968790849313 0.025771906798501804 0.029681793902318083 0.02765068274388152 0.02985784521507412 0.027167840971228232
93 1488 0.028686417545611135 0 0 0.02657807035114315 0.02649500303407669 0.024384764459776595 0.03064469675537203 0.023094949228584696 0.025749585520727765 0.026952918296511877 0.025159331704997394 0.02688314642829319 0.030182194424424175 0.026116772082524387 0.028775370693778998 0.026792555788865333 0.02913309221519973 0.022041910398579362 0.028176102943522723 0.027990491675534947 0.02635238407200954 0.03046817933499781 0.02802992906503291 0.0305259517846604 0.02801261779582248
94 1504 0.02859130327218948 0 0 0.026513072613587766 0.026537955864229454 0.02411457235859549 0.030332518759189082 0.023135059192278994 0.02583200297983911 0.026877287708778504 0.02516151437377052 0.026749112283805533 0.030087494986167033 0.025962983311928717 0.028699982877447922 0.026816856554876208 0.029273488714476936 0.021787924292539722 0.02812117028774242 0.028063344731877868 0.02618643961588159 0.030494439478695394 0.0279670965731229 0.030614525215006013 0.02784908086799948
95 1520 0.028915555926825313 0 0 0.026890758117184135 0.026921239738134015 0.02445989756617254 0.030646637280207972 0.023578053844642923 0.025732244876422828 0.027251349759303562 0.02536286581106119 0.027093126312091615 0.03039293163572861 0.025826428390828667 0.02899727477282453 0.027199571044534483 0.029711057646648012 0.022297540474731845 0.028510885893894663 0.028310177866043264 0.026613571536130524 0.030853452226162453 0.028629286986458845 0.030941934442574082 0.028124084515880263
96 1536 0.028194316405099746 0 0 0.026483071588353876 0.025938182975418434 0.023779603467063128 0.029526834228634294 0.022841070873129525 0.025082897925585348 0.026489243633260346 0.024754279813257493 0.026406397126773538 0.029820706043851817 0.02532109994961445 0.028112246619476103 0.026423391662556393 0.028826602712719453 0.021665777895521644 0.027413826540986758 0.027792407613657973 0.025932300524475305 0.03015678434772654 0.02801333150921462 0.03019557020626989 0.027233336593910386
97 1552 0.027612762487765546 0 0 0.026045850747366837 0.025354210685482995 0.023277133548542345 0.02886791887871292 0.022449501294327434 0.02447527067630994 0.0259823654603548 0.024088894244294036 0.0261708329713359 0.029061709075852055 0.02470055465572928 0.027516883572367444 0.025944505016928292 0.028159880951847047 0.021179902273262562 0.02668203640118136 0.027495038664038747 0.025472383438829408 0.029458559462857397 0.02725619789462106 0.029461454718959893 0.02663979086157149
98 1568 0.027661377942066304 0 0 0.02609475417327403 0.025271692723075397 0.02322445219012642 0.02896857916848872 0.022470382184034313 0.024555445309052206 0.026004593897026907 0.024094459267222142 0.026313103801564035 0.028945319574851604 0.024785392056615674 0.02749704717423473 0.025853403137313217 0.028146669123685783 0.021201188191550785 0.02689934869009053 0.028435041457290526 0.02561889449991571 0.029367349160704888 0.02723698863683883 0.029401701735860923 0.026649750380745046
99 1584 0.026593007199972415 0 0 0.02514815600928876 0.024339166892372345 0.022320204441694563 0.027984271377495172 0.021630693594099824 0.02332155158049471 0.02524120564949047 0.023003496786695624 0.025351145657156737 0.027686672245276073 0.023779928657653267 0.026398049635404187 0.02470118775129403 0.02706356956223532 0.02024083767572323 0.025751922064630495 0.027459074781292964 0.024731173615097354 0.027974635185135543 0.02615367328476075 0.028126669321487874 0.025465326710893358
100 1600 0.026046704249136347 0 0 0.024543376737877102 0.0237882682351119 0.02158594491104904 0.027124330667924954 0.021087117119435783 0.02316338985031542 0.024700655443828892 0.02222940954727413 0.0245021068488335 0.027175616385859296 0.02322087652505419 0.025738017951091402 0.023953382254221924 0.02635715803422474 0.019845900494112275 0.025334561986137514 0.027121185151988504 0.02423124943060598 0.02761301393910781 0.025759148258692015 0.027131340631819843 0.02485931079644519
