% # columns="iteration, evaluation, void, void, void, xmean", seed=161168, Wed Nov 26 12:23:00 2025, <python>{}</python> # scaling_of_variables: 1, typical_x: 0
1 16 0 0 0 0.024005651682197288 0.4340481843731602 0.28049714646600915 0.6314395617020252 0.25277564491641435 0.4421797039760664 0.29445216987888234 0.18915635429541167 0.43023456680312044 0.6878481584536669 0.2697285528194432 0.7519729587314731 0.4560885867965926 0.2075674671637475 0.5530077158168604 0.44878062834851773 0.4853931448807961 0.4951281121902039 0.334653932234361 0.47024622478386896 0.3759562794439218 0.47408092057178836
2 32 0 0 0 0.0006367568580316401 0.4409614339281679 0.25278130570731905 0.5841072644395103 0.25630848457064825 0.4670931564311038 0.2964843496825329 0.1537742011584634 0.43676315899673634 0.6581764701364742 0.2624776952565035 0.760840030928954 0.44291292150106687 0.21443122490942765 0.5125534723104077 0.4521672216351898 0.49388255987865204 0.4653966697350802 0.30852887906643367 0.4652647161401763 0.3742922563714475 0.44193967409937474
3 48 0 0 0 -0.002889264676246498 0.4228880240092978 0.22801418956193586 0.5877792533462 0.24536320154074803 0.4415232613832916 0.2926703173993156 0.14706668630245268 0.41687445135174356 0.6328289277287705 0.268327506318604 0.7381372298021647 0.4022224579048908 0.21041309249210288 0.46778131754786484 0.4201954525389917 0.44001325994153206 0.46829834997514563 0.27331347905710457 0.48042746489819 0.32280592077143366 0.44991659435486436
4 64 0 0 0 0.00968324057516152 0.43525576142206956 0.22572196900459285 0.5783738820275585 0.2855185770824658 0.4452816445171555 0.2645048585113361 0.18178674539891512 0.38246315735785175 0.6354620892843488 0.27807607412708085 0.7555281833707121 0.4018001330884992 0.20580018015866097 0.4542272099940786 0.367454969254142 0.4254346966875915 0.44041079213248197 0.27511823017326775 0.4599296604770035 0.33464767344887114 0.4166711760966281
5 80 0 0 0 0.030563216539131154 0.4523763611638674 0.18435784095261673 0.5842592467904163 0.28048312408965004 0.45037004860074586 0.26902985150699865 0.20429115078960086 0.36731019480891514 0.6262113459742161 0.2471676350487316 0.7691153421420501 0.4301149978937439 0.202214897939873 0.4656999387155918 0.36514119337434986 0.4091152701857441 0.47472691298488456 0.29011690375800164 0.506124585465221 0.3027704888951064 0.40954437641749175
6 96 0 0 0 0.060167942277945835 0.4256368900385023 0.22147605229795303 0.5728961455202163 0.2820779839241864 0.436892573599996 0.2731625872483537 0.19186408022698148 0.33326291231402133 0.6047064499157571 0.22857972344915772 0.7954199787688186 0.43709424609427255 0.21250842922718755 0.4419914289055282 0.3574478040848953 0.38495891849233876 0.4871454086887187 0.26980462227830093 0.4988065321639181 0.28345812983360685 0.4276387690998906
7 112 0 0 0 0.08283982017520747 0.4136464298456144 0.19272035527516496 0.5527815348332217 0.30553114682086624 0.4707693617208003 0.3151299360747483 0.19212688026397995 0.3087030781744388 0.6008788274450977 0.18531729265186303 0.7846278598563909 0.4049619622500094 0.26967944585738207 0.4469104055044676 0.36550555086147063 0.36598908055442114 0.4801841664334702 0.2290486922828931 0.4667177306675331 0.23180197109036085 0.4114073483509743
8 128 0 0 0 0.0342540372043194 0.3910002634873476 0.25003222947811987 0.552864202532987 0.3119205111424173 0.46694637051792387 0.3284465760661444 0.1851916768693303 0.261845396371358 0.6059779586810508 0.1486377480627134 0.811751715731987 0.3563461143971436 0.27835254166834456 0.4297289562495906 0.3899425442855116 0.36617841080777647 0.45780222693130757 0.19994049922761636 0.47177335733218917 0.2332549337774341 0.3866347717693926
9 144 0 0 0 0.019696870289871018 0.36765488601651697 0.27314082810437385 0.5717600549095739 0.28452932193565017 0.4833325370405872 0.30903725976172924 0.2037955664351835 0.2314552096577768 0.5836949255743056 0.13130186344754974 0.8323391001097565 0.3864282091516193 0.24005572182874096 0.3923870768233556 0.37352981989844436 0.35813591131737893 0.4595391843321204 0.18142406666838978 0.447551308996134 0.21432777731043526 0.3648901649391592
10 160 0 0 0 0.03556064664615671 0.4105367438557952 0.2842358723584597 0.501890963159609 0.2639603362223795 0.4385599202124323 0.2600601353460834 0.1915212930883627 0.2693679936657291 0.5740241751244411 0.1561440209016204 0.752732647574839 0.3622178786511004 0.2438000930351431 0.3558454041084807 0.35502230742927277 0.3703103332860288 0.44011684540869256 0.18597391167062455 0.474510391653653 0.19650689729180607 0.33617548697954847
11 176 0 0 0 0.05739676928587375 0.427106125308477 0.2999244583238776 0.43089649998222257 0.2492214145012242 0.43942584776851834 0.2535971271508713 0.25534861799493713 0.31360749938817634 0.5627583715214552 0.1302518721730756 0.7129745033210028 0.39407266924321344 0.265258658230592 0.32795665446838945 0.33239453658723667 0.3561741406597394 0.4334514506143354 0.2101678183314085 0.46755922509504577 0.1978055373932116 0.34503480932471875
12 192 0 0 0 0.042176018620805 0.4240125004636484 0.2526683139453092 0.4569004237146591 0.2694667323819142 0.4544948286686598 0.23362034372106205 0.28001706811338645 0.29601275641286723 0.5791671596115825 0.14683309847707504 0.7106532953345759 0.4286785877507454 0.27947675326381094 0.3369700411259052 0.38803975574936145 0.3802177152438859 0.46526885585321265 0.1743305828158267 0.462019653514525 0.2080235903541844 0.279784023944921
13 208 0 0 0 0.0025366359062333373 0.41523435876370307 0.24506058398101754 0.47433618822076185 0.2694292433733047 0.5311332685032472 0.28053675493856667 0.29440860752898895 0.2501792489476713 0.5819123365451312 0.15133981673871727 0.7221044278143344 0.44689670186731806 0.2549005265529025 0.2987875289945131 0.3952191909792453 0.4205575436698161 0.437442310935786 0.18755149901514362 0.4358509975994044 0.1693229712331817 0.2893069582347741
14 224 0 0 0 -0.008791625711308447 0.4305305699156544 0.22053126818508922 0.4304234217765498 0.3003245748426977 0.5691037800885275 0.275224476978194 0.3212558940100295 0.19681554570484985 0.6037720936197821 0.15918322487913408 0.6899820642084575 0.41069072307980214 0.2554330973517203 0.30334729727718207 0.3697502695546468 0.429442553558227 0.4121719351697386 0.20216796584155025 0.44178417055275876 0.15830221510609355 0.2538558902933005
15 240 0 0 0 0.007941404220085622 0.43432012560860084 0.22365533506614627 0.3351392294907005 0.242237499878747 0.6035593632347567 0.26732731828957695 0.323671662274082 0.23225533714652377 0.5929389392047896 0.1502961842283063 0.6850294159979737 0.3680460685112698 0.2595712185835614 0.3205136324796329 0.3696293571171922 0.42372714561209057 0.37968521333217087 0.19763798433382887 0.43140707378424775 0.17697513802492532 0.2237633557622658
16 256 0 0 0 0.021337492192791088 0.46283887290501996 0.2644526939359389 0.3704760449798254 0.2505583585729038 0.5664572756389461 0.251938132308411 0.30688886129473386 0.30451529196223787 0.5553400740588545 0.16091751086151473 0.6570946344915842 0.39531388393653333 0.2945731817954482 0.3383152507745495 0.3832861263448501 0.4217597283443215 0.39784544092795415 0.1647816329770369 0.4339773572119111 0.24162631063930604 0.3001806711999747
17 272 0 0 0 0.026565326683380373 0.4433961494697147 0.31221984844842476 0.35602526394705064 0.24449393413013676 0.5612823677851114 0.28140660006105933 0.29413674138166257 0.3303563750634524 0.5516109725876003 0.16707523268751492 0.671059847665525 0.37052262378853407 0.3350278412750009 0.33059510196919334 0.3752074606094541 0.43557488878123374 0.3992938726951376 0.13021620196422512 0.42767063110989495 0.22718725891932534 0.31093433005492627
18 288 0 0 0 0.025879518617870485 0.4721208060332696 0.29999306115419916 0.329596243591643 0.2690245460430629 0.5224035638471642 0.268443955294857 0.29847381131688633 0.3113231116669824 0.5641903686640636 0.27013623938460396 0.5955143130071768 0.36564686750996084 0.361964927784574 0.34704826124437044 0.35852375322098173 0.4255957649427076 0.394812591302626 0.11863487196721348 0.432897590038115 0.24958830166672086 0.28816533458558813
19 304 0 0 0 0.00372510888437233 0.45924101337227696 0.25161686055612476 0.35433672307878183 0.24366329386876037 0.565308559830678 0.23859069670180083 0.27179925218469714 0.3069294031566062 0.5428535710249816 0.29976538138496955 0.5661394421909564 0.36482165075703654 0.37415255180587226 0.3280582172348483 0.34625810923942446 0.3830194922861797 0.3585470862353033 0.131066522183367 0.37785944864514964 0.22667217299251569 0.25080218936497983
20 320 0 0 0 0.05968054540204377 0.47844761586418905 0.2768505566929881 0.4424495383225606 0.2142248218049317 0.523095508221456 0.2696922168953957 0.22168746534061223 0.3146240477938133 0.5870958091980076 0.28594070350885004 0.5596039297023633 0.3629786380503818 0.3886847984777742 0.3201435953807025 0.36891250120272023 0.3981816194256981 0.3642564328441452 0.15995374821634367 0.43324806595201004 0.28082502338962384 0.2359222732508538
21 336 0 0 0 0.045531927931735175 0.45163047715352833 0.2894576762226549 0.4121977849634306 0.18585956323611702 0.5211218713978658 0.2853907170322229 0.19692539680960353 0.3201280351433567 0.59479009776424 0.2595192668946792 0.6224176965682431 0.30527135579236087 0.450414368628702 0.32945640187659936 0.3744588102100412 0.3515071396009178 0.3442051962948072 0.1535561974105465 0.4303229745645828 0.2941465108842212 0.21589486765425
22 352 0 0 0 -0.006402691326209049 0.40897002216436174 0.24811067038863813 0.4063532059029306 0.2058480428297344 0.5086307352759013 0.2626027975944756 0.19329744921218073 0.281501897115359 0.5609574479046693 0.25093827942332203 0.6483096432473381 0.3006232155365687 0.4217511350914349 0.3576538179837981 0.40155976740387256 0.3566908903299627 0.3544600235416049 0.1645407711390065 0.4595970778608871 0.32383674482329344 0.25705664300772674
23 368 0 0 0 -0.017740373222681634 0.42136261972072425 0.22951994191086156 0.3682300202368085 0.17233221857176043 0.5120922166759526 0.263642046320562 0.18887377912736192 0.30476701470767253 0.4825908690053381 0.2892918816939263 0.6333130732485681 0.3465664603516884 0.43842404106082306 0.3159626568417642 0.40552489899017186 0.3482001721789797 0.34924820430628983 0.14190212608987446 0.5343107068497243 0.30671213836640965 0.20115786214950637
24 384 0 0 0 -0.08007604825291728 0.42386121875193555 0.23303808686809865 0.2824407512749488 0.18227983513644108 0.5145529731188867 0.23477862807119854 0.24973240698172283 0.276713201053475 0.4047129915784011 0.21765271209101067 0.6073075671163757 0.32457104654448077 0.44369418154046386 0.32208542935120843 0.40542989435270144 0.352622098449105 0.32712623578789474 0.11564871060134396 0.5114643627077439 0.31782047784805323 0.19933718433801617
25 400 0 0 0 -0.07291135407226045 0.4202517533448965 0.19342072106812527 0.2872399246307186 0.21762511292355655 0.5354499370598422 0.23064524642577885 0.26556835677114066 0.2784023011846623 0.4010597455710969 0.25505315147829116 0.5667598238279299 0.36170902824911405 0.45149231154742664 0.3047005518181237 0.4641918688447718 0.352839458492866 0.33599001902723635 0.12603753721841296 0.5516849549120972 0.37300584786920704 0.23417947002818165
26 416 0 0 0 -0.06519796086438737 0.48231466707233367 0.1665058690534202 0.31617047305549634 0.20803403940435758 0.4879663866476972 0.1990346089940892 0.32835889600600865 0.29760600559129285 0.4222292068945264 0.21405864160744761 0.5677741480855064 0.3249744201977004 0.5026574612538516 0.28572066821700187 0.4930239053728471 0.37789072228396425 0.34945999444161713 0.10270645030850585 0.5630272308984202 0.3697661825893201 0.26718779364387346
27 432 0 0 0 0.006903714745293944 0.43660158949813227 0.15852176371497215 0.30774552988077153 0.21065488932759052 0.49756421591871247 0.16536056430095245 0.34382464780682603 0.3057238855719577 0.4377196712197427 0.2681585369885358 0.5405018465141607 0.3373062684957091 0.5012676818514948 0.26858051904848884 0.5054096238089654 0.3629861346673053 0.34021310156399764 0.12707076506013631 0.5603282509281085 0.338427089705981 0.2798975610495451
28 448 0 0 0 0.00196418084322174 0.4534746619155017 0.19764390477313545 0.3010398099283832 0.21890793656891033 0.5466478078646975 0.1199226664296964 0.34884792452260527 0.31135283663465635 0.41183698146593883 0.2778553558742537 0.5208755302416325 0.3606550358202998 0.4509315928136676 0.28845351947912484 0.5390396667994684 0.3558301072681022 0.35520333702922213 0.14322510300968574 0.5419425528216246 0.35051666374543916 0.2619419817182124
29 464 0 0 0 -0.001454117073990552 0.4870028091162133 0.18399245085451332 0.2938597813757511 0.22696457867299472 0.5255040546504175 0.07731707219662738 0.34780968863174105 0.27064624512918817 0.4138314764715946 0.2720621191427131 0.4965230701391947 0.36696274693189895 0.48672475253647773 0.2699349666752781 0.5696862251583195 0.31097840244378927 0.38336597689885354 0.076726920788734 0.5720362409164514 0.3280055190549016 0.2823262769022363
30 480 0 0 0 0.00960807649681795 0.43009614647297567 0.1675990172823324 0.33160770117777816 0.21178273451590324 0.49932680203692775 0.10381338774707137 0.3507324014519554 0.21789330375544982 0.3792643864181058 0.283902148582446 0.4949048488887823 0.34093680698668083 0.44359340085965154 0.27005008047272766 0.5762574685260589 0.27513391491004974 0.353989482287644 0.010744332439763603 0.5297902764352385 0.2805447217564212 0.25815580999903504
31 496 0 0 0 0.016668689249487847 0.39632630761691673 0.15174787797308972 0.35107145807885315 0.27893864531591206 0.5423914412802127 0.11665706781569378 0.29967744597429047 0.2048200835817332 0.3556599417509358 0.24053160623619957 0.5478763217905973 0.3488910443012293 0.4009199620706315 0.24464379479882492 0.5652092364655737 0.26932815453505765 0.4009532014937242 -0.019508752260152598 0.5960551634015012 0.29830071475812725 0.3033534904694743
32 512 0 0 0 -0.05020895282013293 0.3715248843578912 0.1877789890122531 0.355063429069166 0.28752627091897043 0.5504657421558685 0.1376331097089237 0.28133023552423264 0.24005441981197875 0.3544940165597871 0.22343337925089274 0.5979975973027164 0.34748184353891454 0.39995193383866035 0.2626378713837896 0.5883631099045057 0.2521095364687795 0.3917182891995947 -0.02041709802969364 0.5960008742408045 0.2828055211463051 0.35763291695248905
33 528 0 0 0 -0.01849634552963481 0.41910024808960744 0.1802188886372467 0.37924418295091344 0.22822195154592334 0.5293230097680627 0.1513672806112357 0.22294648204627596 0.31761965906963896 0.2905474243721844 0.2608855025758736 0.5833914800880101 0.3130944778297522 0.3898068904460149 0.30602592308411714 0.5285513465091667 0.19565390517187184 0.42343009986316654 -0.065707729476629 0.6141993501889563 0.2830448335199437 0.3673043144403876
34 544 0 0 0 -0.06791479931706736 0.37231486870524877 0.18830719895045228 0.3772927755551466 0.20117434425195177 0.5490354563610865 0.1356998524910696 0.20772787728101422 0.32305439279533443 0.2713186325104169 0.27779994006226144 0.5440703960443659 0.323465534975672 0.4018310583591388 0.3116092242418477 0.5412424241740009 0.16762435208023643 0.3636817590406785 -0.07584903499501496 0.5787779865960515 0.3076252522012018 0.35321210672872566
35 560 0 0 0 -0.04671353555332572 0.3915554947477219 0.2044727912211731 0.3853175821749646 0.19377598342082508 0.5623491788652453 0.1605369138107146 0.22464022599804712 0.3183090464417945 0.33752848277611464 0.2733642231511759 0.5165683018591997 0.3984631430910733 0.3810200371108513 0.3178969075150663 0.5076416997165226 0.20655110473006671 0.34913559045849424 -0.11291504412511034 0.5582577606231296 0.2415666164271182 0.29762322552646964
36 576 0 0 0 -0.07465283674875034 0.3627004302597724 0.15414541533397358 0.3908792790158925 0.1963379232032691 0.5666543350399862 0.1112187823611677 0.2658098809024117 0.29253005594990844 0.2931011607060579 0.2695395097041899 0.5243847619891193 0.43012695010214774 0.40139394644895504 0.2701403956445458 0.5039378807904633 0.20211415320217152 0.3036672109788038 -0.11784256701722408 0.5846843412138709 0.1922346085491279 0.23680164993877037
37 592 0 0 0 -0.10437207070664503 0.3673277969176938 0.11137353469640202 0.3679730992358266 0.17605397141270757 0.5833552255759817 0.11725082428754226 0.24786152476404708 0.23423346604394235 0.33128552206751405 0.24994735466500478 0.533152452375619 0.4171104531748619 0.33064294342631206 0.2863947901714847 0.48623710105414897 0.19611098441181182 0.3074424781458901 -0.037479633884465166 0.5536393320325202 0.17844280136084084 0.25103368656888186
38 608 0 0 0 -0.11031667899543618 0.3362143671647235 0.08869637832276117 0.37538881341803526 0.15771877165254197 0.5780226859421895 0.07057330663254369 0.2770364120610628 0.2122148252570592 0.3922298165543869 0.2719258673416344 0.5090882014611962 0.3704364531201001 0.2977649160963829 0.3015687630859592 0.48013030677257384 0.18743596294277026 0.3349351672021761 -0.02500020316311718 0.5448474282136059 0.20868299580931854 0.28846205440693573
39 624 0 0 0 -0.09650751614593599 0.3077739372672481 0.07250712445477166 0.4030760235298322 0.14802181243504306 0.6467258324505869 0.03093636223664171 0.29822929093223094 0.20994482615552906 0.32631399184336785 0.2520196802166509 0.5013757202901492 0.3973752196971022 0.33604460844959955 0.252027500741046 0.4671310127356304 0.2368120561351521 0.3593939495698737 -0.0554289506340963 0.5843143949822001 0.200683555730916 0.3014139296818055
40 640 0 0 0 -0.042863877967623656 0.3469755569442842 0.07130410735874951 0.4159997406962778 0.18965326598990276 0.6463685595328869 0.05130991386674317 0.33914842978100435 0.1660916725688565 0.3236592674783133 0.2641400674705375 0.5072194853021121 0.3680167166248384 0.35642059341294285 0.2751752526705001 0.5196559896278876 0.2982012841652459 0.38159034391878255 -0.07938966784844669 0.6018329155459824 0.2767619239028009 0.36186196401266685
41 656 0 0 0 -0.055248985982154525 0.35544628172982895 0.08123019580011412 0.3994114481250415 0.2252069814354236 0.6006403917207911 0.072612493534058 0.29660555625125884 0.14994652331795771 0.3589466357976604 0.22813336553933716 0.4706135836052056 0.38332524267628276 0.3290385348194841 0.3319019458643989 0.5192611415524839 0.27201004519319644 0.4097809841068121 -0.1113327745716539 0.5777581367218368 0.3042110335413672 0.38183279530244085
42 672 0 0 0 -0.05102227014237762 0.3534640846131647 0.052108157851472076 0.4464408427463229 0.250442227349525 0.630233067422929 0.10021124261142736 0.32496588705266977 0.12781272582553638 0.3635113922667875 0.19421797574725308 0.4351858556130843 0.4236211217496182 0.3071428208909989 0.32305522407993575 0.5459454894415261 0.27465412258074134 0.3820608180677193 -0.08318112088298896 0.5860465042982708 0.31256955418490645 0.35892008943950227
43 688 0 0 0 -0.018406911264366985 0.3575091621643803 0.044973784398696336 0.4756569775452979 0.20333775547009664 0.6404632105581457 0.11664962303197246 0.2579981189276219 0.15177285354699474 0.3410011397937981 0.2525628574409296 0.4203411546577003 0.4018104370242978 0.24270329674226912 0.3269110034512003 0.5477514120147327 0.2911573340319513 0.3668851443113172 -0.017298943732286298 0.6168541148321587 0.34236862306597027 0.39867210789201774
44 704 0 0 0 -0.0348602000125792 0.3436605146950179 0.06774959114945654 0.5098556838263044 0.18567992248116633 0.6505617012883915 0.08073438697796324 0.2963703334524964 0.15010557384713336 0.3787657390624616 0.24883158437054637 0.4188628570132358 0.4204546867221453 0.20854141344581428 0.3518169925462223 0.5059515804476457 0.3425178763163705 0.3579709680709987 -0.016910423090927145 0.576072752375371 0.3876045595882404 0.37393761036962586
45 720 0 0 0 -0.020848941651382787 0.34791241627310526 0.09087002871328034 0.5100867749968818 0.14502427194814044 0.6724217409825366 0.06382107447788539 0.30046190867893446 0.13666650017153248 0.3888400717022497 0.25054072221069207 0.41640393559070343 0.4124544405595278 0.2640948368512416 0.3521165797648227 0.4847163675547538 0.3426489038152146 0.34295982928960006 -0.0032889008425037404 0.6032653287114144 0.34274980397558114 0.35975169435483006
46 736 0 0 0 0.03246678921761296 0.3708974551006463 0.09093844312938795 0.48580862024765564 0.18234051088551592 0.640346713401269 0.09559084865510697 0.33655511352041845 0.1062266475707847 0.4521616763405035 0.24593843192541082 0.423496738013473 0.3883100124602701 0.26512290778513664 0.32685867440608607 0.5124881942327024 0.37509684266454685 0.37471952180016666 -0.005086260186865869 0.6353316839995757 0.3077373471996086 0.3346484129007586
47 752 0 0 0 0.03432779414808382 0.42274596091491656 0.1101004541271538 0.5032852726004468 0.1968052928038791 0.6059227203561411 0.14101188636506873 0.29721668857829664 0.09046190250781347 0.5016741255616836 0.24050860929185486 0.37653448276607004 0.43614926772212265 0.27697180565816787 0.3445635582658693 0.5458423074342854 0.35380933472122156 0.4162880931889772 -0.008028798647902957 0.5840508665116364 0.2806019541041612 0.29048141038095504
48 768 0 0 0 -0.0025437821096241054 0.403198764147987 0.14027993694326277 0.48095096663332 0.20402552460060816 0.607466074429651 0.11948088892242145 0.2872485235864527 0.07078234610287705 0.5006743904261586 0.19440790867220897 0.35581208867551345 0.48065674815371345 0.2860371720862413 0.3471437984331853 0.541909186764076 0.28982281861776854 0.4113020632118685 -0.020521780331850568 0.5595509832686913 0.2881610014916653 0.2596451820190042
49 784 0 0 0 -0.04093102459138944 0.4209566008782745 0.1428563711645071 0.4216272964567876 0.22891206274041168 0.6137245189369168 0.15123822074085636 0.2560452116316425 0.08354196247851567 0.567633168341822 0.19567105146244945 0.36183415730142143 0.4796265316226627 0.290066536321119 0.36593792673219283 0.5393697564037743 0.28817438760726716 0.44221783382221486 0.044426788634495 0.5164369992947953 0.2909703871870113 0.21928376744739253
50 800 0 0 0 -0.03768339911076053 0.4496521198056221 0.12378920125586368 0.38685045999723594 0.23164162803941418 0.6132568309709912 0.15865903268368514 0.2639339398195702 0.09080585253691369 0.5616663552498465 0.1519301327568492 0.37325276119240103 0.47350011237370837 0.26921369996186884 0.35428012888635413 0.5231759873711035 0.2935783877343152 0.43925880930490624 0.04715764655244305 0.48401521198267466 0.2719121006226704 0.22770697772234808
51 816 0 0 0 0.01199063131316988 0.48077604426783116 0.11019966727381877 0.3815561519766934 0.24042319830973208 0.5568402399058308 0.17612349180049924 0.28957240534260315 0.1442481470649347 0.5648737396429833 0.19287917158970702 0.3867986376495176 0.4190540445551242 0.2888728156211384 0.35270416972969976 0.5023046366382664 0.29970434134550494 0.41277301009967826 0.04017278849835825 0.4973166101912301 0.264652335632247 0.2372733018969833
52 832 0 0 0 0.010784591161614187 0.49114095725426965 0.10469440931093696 0.3771512833332397 0.2569595514595074 0.5759859402812807 0.17771762397432805 0.2948657042097389 0.18043683445287706 0.5626752923646703 0.1972987223848663 0.42580576455282354 0.4210854002625968 0.324107521101208 0.3629544320860244 0.5202765459216386 0.25647436391347866 0.41625638726118214 0.013677274209018452 0.5155699996172153 0.27992907835432534 0.2187334586055746
53 848 0 0 0 0.00844120553361202 0.5198569484832766 0.05839094654476529 0.3467544906663377 0.2446804773717241 0.5787334609100081 0.18499641143078457 0.28579882199391393 0.18738645709178953 0.5510603672173134 0.18078063281142812 0.41605175142457496 0.4127699553987658 0.3348505169067253 0.34904877549367086 0.4834260577014319 0.2515480512337403 0.34485473095513897 -0.02085384271527231 0.49374193936815397 0.24108126928747112 0.1885754441315949
54 864 0 0 0 0.00860743635422456 0.5396113187061542 0.06059370212709188 0.29579813222775425 0.2136909731063585 0.5727246574626451 0.1832605805086878 0.28050698698851095 0.2001366992215401 0.5541647881095745 0.2036604856517854 0.4069046233320777 0.38562438051438547 0.2968923054729274 0.331225228687034 0.45338043159747526 0.20016596420796356 0.3498248010911615 -0.022372851911863615 0.43243849153366254 0.19072847319169908 0.19162219680644416
55 880 0 0 0 -0.026367215505055823 0.5319828492354166 0.1003080327533721 0.270369268571402 0.20306782169714477 0.5412317572398735 0.2370763046809116 0.2586756684998237 0.16328805962116563 0.5490518988868455 0.19465205225713608 0.3712582189667349 0.3496134477397923 0.29106197609708845 0.365545398982534 0.4870741064264744 0.16202979825858219 0.37317107405629096 0.004998072741305222 0.3892317707737718 0.17701381313769637 0.15871169844394786
56 896 0 0 0 -0.005261359734896283 0.527807459890572 0.06586146651912529 0.29061766800714783 0.22450608044833487 0.5565835910382733 0.2348640578170355 0.249091663522972 0.1565161358507586 0.5301946830105831 0.17805940051258784 0.362430609995647 0.3190656966418828 0.32418390594483987 0.36407233047896825 0.4870760186803635 0.1354175937105984 0.33922327890897885 -0.031045101901893815 0.37772481002263236 0.19426452989226398 0.1521232168067288
57 912 0 0 0 0.0040160494104260714 0.5291786578123764 0.06307522188120851 0.2692887086368094 0.22873400275074957 0.5783533504832371 0.25751521011349315 0.24605480639103122 0.16649820762715017 0.5320989065857499 0.1991564541940712 0.35922901629584325 0.34016689269860234 0.3754010856792992 0.3415340559183734 0.4731415811552937 0.1479303385872186 0.31711891870805775 0.009919147231884258 0.3623992492450206 0.17019457074300767 0.12473826909620286
58 928 0 0 0 0.02928539330251655 0.517853510784452 0.06259435105833788 0.27752039762521763 0.24560047740263818 0.5501944911891824 0.2803129008130828 0.2310850285793074 0.11771614626187565 0.5466831916423435 0.1987420587273488 0.332457128901407 0.3744668937226907 0.32163907117949186 0.35246480965013915 0.459783402111561 0.15142878812927812 0.3187024054197577 0.02298498340445069 0.37002011811073365 0.17729358353830788 0.16583697844689316
59 944 0 0 0 0.015080238775369952 0.5242087321928676 0.0706799712813168 0.2853588971864279 0.28866261857570846 0.5661891001150449 0.27420684726680794 0.28107345398184813 0.0785062907077688 0.525690103208099 0.20266489156263398 0.3807097412644035 0.3837188439581767 0.33250615900405056 0.34728879851536115 0.44112609265595126 0.13658540585394863 0.32825797746431246 0.03646598063489298 0.3558729542480159 0.1496009974260078 0.16799417853562473
60 960 0 0 0 0.0018654450868007683 0.5356977467545119 0.0556149202187774 0.31397388504729556 0.289580858388995 0.5539867566828232 0.3030221312134232 0.2649379647129508 0.10715695883936682 0.5092057313882845 0.2061590424470465 0.4152019868041058 0.39551669759932195 0.31760480829951143 0.3609493737300735 0.45728408806300014 0.14944612498141868 0.3441870193786271 0.05575991729230171 0.40079026296260534 0.16587452209821923 0.14745404424186112
61 976 0 0 0 -0.014231628686086064 0.5519181452639872 0.04603291645054583 0.2571204081558937 0.25612163543093924 0.5827579648993493 0.28117966482923346 0.25400393997022563 0.1351874694066268 0.5532391506081916 0.2156820577642445 0.4184593193806697 0.39206364491793066 0.3465952195480693 0.3587768989503649 0.4664184880333818 0.1349730919001083 0.34481545285001436 0.0552972199896595 0.35575775925158803 0.17264562685477022 0.13896276360801496
62 992 0 0 0 0.007251170441810258 0.5605624534653265 0.02775383552784613 0.2816447170663136 0.296859523343129 0.5596797680929763 0.2927709030529407 0.2712445542985998 0.10208986651319721 0.5277559974732304 0.2097049895717474 0.44537650557243524 0.37706288280236644 0.32076496072965877 0.36481618303110064 0.48772463122223786 0.1819190066891598 0.3697637280305217 0.0646097450085471 0.4019804148971226 0.21077876288936426 0.18312303826246631
63 1008 0 0 0 -0.012609848669994875 0.5686595139481004 0.03967481605802496 0.24760045906439865 0.2833798985638963 0.5700498231866149 0.27015284343138546 0.27271116835801473 0.13558868973872448 0.5363588872603302 0.23036186095089098 0.405921548380333 0.3831520721628455 0.338950867102496 0.34730111906517375 0.48397841736919467 0.16758215414962124 0.36328564942613717 0.08836943415095298 0.4228206360659379 0.22931889914410278 0.20523359266655994
64 1024 0 0 0 0.003971835347779401 0.5605315679062456 0.03409292500033835 0.26021783509677426 0.28966438198248856 0.5841908485387308 0.28917394480384195 0.2617502916655029 0.12130292553366012 0.564509670698152 0.25394628191970037 0.41861743474682267 0.39094557208793373 0.31724789441334705 0.37062764739501664 0.4300588363586514 0.18233893246912086 0.3741534276896814 0.11447694066226488 0.38355910124975434 0.21348243350481108 0.2129406218056299
65 1040 0 0 0 0.0006831457086598795 0.5423427866006307 0.03317058299449492 0.24294645340685184 0.27713666876055176 0.5590982192997208 0.28961840871677463 0.24197658870339334 0.1341534592157377 0.5773502200538158 0.2573650455212141 0.45430242460359965 0.3725231138071588 0.294483831057423 0.35546541066927895 0.4319671100468989 0.18635945611936858 0.3655961117858824 0.10964319191601372 0.39320405661011626 0.22270459862974923 0.24077805333405441
66 1056 0 0 0 -0.0150393122540679 0.547996265324027 0.035468075634637025 0.22253311652240831 0.2730032629636869 0.5750531434656898 0.25582092292077196 0.2571744549874033 0.14400090299607593 0.548982862392716 0.25497100365308284 0.4678344087357944 0.3402306083015456 0.30491194335830196 0.3720835161242499 0.4188591403360815 0.1957728866933777 0.3595508600073402 0.0994483516941817 0.3918600265037594 0.23455917390850975 0.24227874031383617
67 1072 0 0 0 -0.028016481193523086 0.5470050816698151 0.05787834040852313 0.23186297401501538 0.26760479301059126 0.5683238850345544 0.23588122768571154 0.2573262542346786 0.13306066498474714 0.5604438649392975 0.25201909340622697 0.4624292161213762 0.37360929421389033 0.3157723879304122 0.368778304207973 0.40185703780507465 0.1954049822087723 0.33973853978164475 0.09289272494313307 0.35767983990562013 0.24351174794756045 0.2470933566087618
68 1088 0 0 0 -0.03301499544756776 0.5372181698594993 0.06977691704827876 0.2278830608055185 0.28946608935972096 0.5698430733582246 0.24005907105934887 0.23702455778642836 0.11915672266006155 0.5506668645045956 0.23711164698691375 0.4328920055817923 0.35258721386026914 0.292942918931427 0.38665652521655797 0.38585561127709933 0.1644479503014435 0.3316874106911355 0.0639744961676278 0.37146461905421113 0.2093171487744099 0.26433438287812827
69 1104 0 0 0 -0.032602550836759524 0.5344261530864839 0.1073974565683922 0.23208899831236995 0.2769152535383 0.5685290990387876 0.23865242152264818 0.23144574788888297 0.1259308580494421 0.5386004850944144 0.2196441817764916 0.40899300072456635 0.36359005200012673 0.3110115622645527 0.37921607371795085 0.3680375235807719 0.1770017489392325 0.34695157427531476 0.04742871003376243 0.3558465001362174 0.17505640821567198 0.2907956473493208
70 1120 0 0 0 -0.00952200304499376 0.5426934807365111 0.09869650860112139 0.23075125997865437 0.26934475319580786 0.5660680989251461 0.23889044127377146 0.26593116839102626 0.14205316407439567 0.540601761735496 0.22910893977677615 0.4127829619707646 0.36641744175647745 0.29153555285384186 0.38097752744587543 0.39665481176475714 0.16843248035084502 0.35607573437635065 0.04918083573326608 0.353040782610789 0.1536010171565426 0.28683586237371705
71 1136 0 0 0 0.009865772041635423 0.5591062776390261 0.08641002957894933 0.22420208594874175 0.27056280586642506 0.5585074189522137 0.237221586880137 0.25279108180676946 0.13616023795840804 0.5401209890930723 0.24166775813179725 0.4164526805042872 0.3777767228418595 0.31650445923352066 0.39053310112120687 0.40369824468282084 0.17795858120625135 0.38627720111944736 0.0358279452042405 0.38100923481894017 0.16229687608052076 0.2991575270237501
72 1152 0 0 0 -0.002979286304978339 0.5448607026445111 0.09286224994857722 0.2429958659023746 0.25633766264452273 0.5462551665801116 0.23463937284949338 0.24820620839889995 0.1321173177518745 0.5478969518612566 0.26999504523205675 0.3964314026695839 0.36048945943416033 0.29029953690289345 0.39328428256006825 0.3964871828455225 0.16124630557923023 0.4007752364250146 0.022878445848841057 0.3763194476630797 0.19157460620647443 0.31931285383304414
73 1168 0 0 0 0.0134453463122816 0.5315813728288636 0.06922861375920641 0.2346564804196889 0.2502651981833329 0.5319721823795311 0.24222879687937626 0.24687751366766839 0.1311903202749498 0.5747859134580118 0.2866884767210477 0.40930783496966744 0.34021176707176376 0.29395501805244206 0.40564121148801435 0.41294176880304184 0.18101618651786194 0.4040983117017452 0.016756859483873822 0.40830922579426593 0.1890302956761942 0.3218994712037973
74 1184 0 0 0 0.015111946268490516 0.5354867694437098 0.06776800213992364 0.2457236098974392 0.23793335821049588 0.5413306170507113 0.2609063036624316 0.2316130561990541 0.10941518962857208 0.5807785188998676 0.2825209731357203 0.40804075051964334 0.321594146389521 0.2805671401887458 0.41034201346363186 0.41607569619928436 0.17734421658551858 0.4060031120013221 0.010296589912523224 0.37703715771637525 0.1890379386121905 0.3280060155994116
75 1200 0 0 0 0.020854669067039075 0.5213034696341432 0.08554572782084208 0.24457093026170668 0.2326989806729422 0.5268838821217623 0.26458297717317125 0.2483354226010064 0.14295199136220024 0.56644677933004 0.2907307994969349 0.40781339729387367 0.3324745949871386 0.26918425241242167 0.40442771828654633 0.4565807873551423 0.19062213963845298 0.4105724047576513 0.004943704381472499 0.38265707692701684 0.1816810159458706 0.3403069119667845
76 1216 0 0 0 0.009401744515293579 0.5359256121080649 0.056123672121421234 0.23713341678171487 0.22303421320966765 0.5300314141343349 0.2710250210676011 0.2361960889148285 0.14338909104416286 0.5317280099185869 0.30471460704401493 0.42139375390820005 0.34048992646303766 0.270919612419006 0.41832022384067125 0.43245580637218284 0.1777631988338157 0.4140369800226923 0.005164231142873755 0.3631417429041637 0.18850906775384982 0.33194061279050346
77 1232 0 0 0 -0.012494011017933952 0.5327201005950645 0.05424619907963923 0.22007457113844603 0.22260476008662328 0.5522239222387926 0.26604008132715684 0.2429746457401001 0.14841190789848735 0.5308991312605416 0.3189655649181139 0.44382328875624016 0.3410792764929835 0.29782849723191446 0.40041196593601236 0.4239696201409507 0.18856641715672431 0.39846730499530686 0.020777946660632585 0.3450459658659269 0.1896171303064566 0.3045719444903607
78 1248 0 0 0 0.01656893504749434 0.5329889455297173 0.0679152402577784 0.18865374772136986 0.22610129486105485 0.5752577304908477 0.2690876659021484 0.22750299100177668 0.13740065400468637 0.5059430795887339 0.32231831457758775 0.44399935512613464 0.35143209253585317 0.2956872947550102 0.40511123730370174 0.4206260859267595 0.15861687522268222 0.4037454684473344 0.037173263909642235 0.33697529380571883 0.1882550043718524 0.3097163070362966
79 1264 0 0 0 0.026728608852051382 0.5173699066744015 0.056864844239187265 0.1969787165662377 0.22833204293262407 0.5639136427181579 0.2759550112950162 0.2394475756062196 0.13078541187198361 0.5267682921572119 0.3017126876848466 0.444850916407338 0.3494025406472814 0.3146051052561868 0.3963953296188008 0.44112085899910647 0.14414934081561634 0.41040320724505464 0.022039569977264625 0.3436025432101874 0.18995141935898685 0.2991336209600682
80 1280 0 0 0 0.009564989434820507 0.5358040903296228 0.0491724938747674 0.19383235140497737 0.2348933307366029 0.547025385996485 0.26286353074696345 0.25275860301160497 0.13508082157714438 0.5286088320871055 0.31417514242354744 0.4612290393644619 0.3497254648560725 0.2866704522069252 0.4032049323796908 0.447717295116163 0.14248883024531944 0.42245406668835855 0.03781521170635192 0.3312195401772247 0.1893129822804659 0.2950393787521141
81 1296 0 0 0 0.014539379840880079 0.5159826198037463 0.058096416605889684 0.19905593483004477 0.24990389888063835 0.5476097470363547 0.26870448928053636 0.26341766595789956 0.13541400740153964 0.5343839268382954 0.31411266198998233 0.45584748802783215 0.3764717983305268 0.2806029758429704 0.39336130986483764 0.44913229433147606 0.15997331025262349 0.4211603939432538 0.047941025006708875 0.32786100582315275 0.21457081876644166 0.3016314166624499
82 1312 0 0 0 0.02476870671098479 0.5011500608727205 0.058572422359646 0.20606361498925713 0.2539383700668393 0.5483558446035994 0.2757865441318212 0.28645715923302223 0.10688940031830794 0.5365211281812441 0.3085899253390676 0.4517533578644264 0.35102332977786627 0.24740296708435552 0.37831212556998695 0.4561252098256705 0.1855471975164502 0.42640140550376016 0.05008155127098139 0.3314800831582856 0.2073666105378698 0.32378533293453715
83 1328 0 0 0 0.03328750680447173 0.4912219524368144 0.05181161244357615 0.23448020607973113 0.25203299385706524 0.5534916277898079 0.26649576477775067 0.27482587428241023 0.13364511864895626 0.5280313012907595 0.32459544414596353 0.4747177089635762 0.3628048880802613 0.2422062308577207 0.3841751000484773 0.4601244287469343 0.15537997989951013 0.44347273966025014 0.05800934929993143 0.3490973208055367 0.20376965658007928 0.32563042174871304
84 1344 0 0 0 0.03875376329729663 0.5194852234705557 0.05679558673706191 0.249429889677414 0.24598663930401782 0.5415655918922188 0.25137403371106726 0.26867231150744775 0.14906325830568393 0.544883414887708 0.3361385431978746 0.48561749594031783 0.3723590994495729 0.23473408424320535 0.41352192744795785 0.44825043304208556 0.167211015171768 0.4626504087452019 0.07614335824355499 0.3555217587913014 0.1962111052394578 0.33083386269547965
85 1360 0 0 0 0.041493050155160305 0.523746867778486 0.06245677707397322 0.2449278422522883 0.26784776949522004 0.5280121344436078 0.251191813667497 0.27188176413763765 0.1532373977839136 0.5434757076341358 0.3414105132181075 0.47851904168472703 0.36585708474228174 0.23756990319113622 0.416153742448291 0.46607410691209783 0.160737444590893 0.46922819889241485 0.08781766013620326 0.3561260654101336 0.2006330032531967 0.3287071844716904
86 1376 0 0 0 0.04353592156253805 0.5245270206806786 0.05308846734033494 0.24905707743715105 0.26297605216741343 0.5219804455677763 0.26128460332990655 0.27112758222784894 0.17355378680719413 0.5558518753373869 0.33496560200770364 0.4903211025276541 0.34897834678639406 0.23112617348079115 0.41890024153827465 0.45108286236265777 0.1689097702073071 0.4308124352856987 0.08666672522555366 0.37030350966658265 0.19210753658963062 0.32109951239150675
87 1392 0 0 0 0.047441400082662705 0.5107163154148185 0.06159008349104352 0.24305372743515208 0.25588139569782015 0.5237864789959574 0.2516547065556825 0.25460765646830785 0.1896283402625171 0.5709679727943148 0.34722806081294 0.5047819622846531 0.36485440117271334 0.2551471593891089 0.42037758498954503 0.43834423556599006 0.18137487543819916 0.43769998820780376 0.10580769729315978 0.3760190140234171 0.20843905185263514 0.31210993876363935
88 1408 0 0 0 0.05527878487879151 0.5146847279769423 0.062387506185362304 0.24247942927908012 0.24758187488852648 0.525704778482107 0.23710808625841567 0.23440294401361986 0.18587387493904664 0.5703129779672186 0.34490209622079904 0.47840414151831223 0.3450306341080729 0.26998133489999354 0.4292427195018601 0.4428054941029322 0.17742903234961965 0.4453701607587213 0.09872058804565678 0.37038994985154017 0.22130210043165427 0.30680333072506977
89 1424 0 0 0 0.058484422360135624 0.5170619748514078 0.07533047710166044 0.27128300834346575 0.2641838730561669 0.5271307315690303 0.22834038174235388 0.2216867730791425 0.1893426645559362 0.5845697361320625 0.3508621927767466 0.49157163460533126 0.35528150987623036 0.26018626118172633 0.43761780918557786 0.4149325814378816 0.18503052368621425 0.45803819864401446 0.1026804800176992 0.3476049970441111 0.21394648000504016 0.3072874206651316
90 1440 0 0 0 0.0642725990531399 0.5235671403780368 0.05392830682558744 0.27048817754539967 0.28051651960809015 0.5283005201282366 0.23891672024748387 0.21090789365947463 0.19157831383928542 0.5991546296110013 0.3554675834213783 0.48409021231891897 0.3587873963181417 0.27231945916873046 0.44039140814260463 0.4058301324936802 0.1957178447772038 0.446850984452861 0.12736247249963298 0.3343868779888757 0.20892906275768236 0.3007173064135787
91 1456 0 0 0 0.04908159383464228 0.5246405786304985 0.04989872995752924 0.28141563735750086 0.2713953941359942 0.5324578903729387 0.23290808082615955 0.20507660825816898 0.1963622906096278 0.6097614691041617 0.347262652102569 0.48424936616337555 0.3874116694280085 0.29235091272942554 0.43504599177579933 0.4125362816768221 0.2007820862505588 0.4421629036476611 0.13725511845352817 0.3342592886819888 0.22156939346390536 0.28309885427189124
92 1472 0 0 0 0.05389661472160099 0.5092144613684748 0.04566606056596709 0.28751257793522855 0.2665295650703647 0.5406839989693265 0.20294745156715804 0.21727760654977274 0.19861523568344336 0.6180966469634339 0.3571197977930018 0.4838895986240975 0.39360440562992816 0.29372357080226685 0.43725113158386 0.4043248233746597 0.21129190617950044 0.42945755748055076 0.14213348284245386 0.34931319212173784 0.22623960131591414 0.2861678894891987
93 1488 0 0 0 0.061840835894541764 0.5095316339186914 0.05407499476330457 0.2978403138442552 0.2574045227493532 0.5341120186607775 0.19265677185189034 0.21964351091963297 0.22987321343716294 0.6338348739613473 0.3792640112014739 0.49392018317305375 0.40696154641050786 0.2834967652352579 0.4510206204149238 0.39443049529762947 0.22142749786824206 0.4350509815328674 0.13263717053651478 0.3621871244267415 0.23281282417779153 0.3101866871038456
94 1504 0 0 0 0.07379165725924039 0.4893311393643671 0.04836428937812214 0.29575881131686665 0.2763315758212294 0.5596925249454512 0.2153668334679752 0.21915240333251085 0.21599617070028448 0.6326379132419953 0.36805779845215914 0.5113609761890886 0.3914820061889765 0.3016545983842253 0.4290380191427052 0.4142854351488268 0.23310463442740326 0.4382271884885175 0.13691761899051574 0.37722727090704866 0.22092156719061173 0.31923507991419253
95 1520 0 0 0 0.09347401423234854 0.5088357243595246 0.06518961294562921 0.29695968847687704 0.28666983752813857 0.5505879147681757 0.23451391388949025 0.21842871337893213 0.2168828263694939 0.6350442771340805 0.35557106460073845 0.4846463460955889 0.40808731543775456 0.3009043613048204 0.4487952980342965 0.4327966357371801 0.23568744126637214 0.43193398895662094 0.14413634834122216 0.402380339335249 0.24472023005722704 0.32521688589272807
96 1536 0 0 0 0.0785652720070071 0.5164795094679796 0.06760703030375946 0.3020096126274024 0.28656657790909823 0.5591292959663656 0.23878575562884746 0.22199276704558565 0.22510909758285588 0.6417941080995222 0.35167602600053166 0.4818627799891565 0.407327022736339 0.28177257293003355 0.45154850128864804 0.44008755702776814 0.24469700196094885 0.4221285084443818 0.15363249901376738 0.37646479787159653 0.2421753743717808 0.3247577938381152
97 1552 0 0 0 0.06723775168035603 0.5186236615466916 0.05544789591168066 0.2981044430747574 0.2931498496583557 0.5560256969490773 0.2261216000406008 0.22474755792351747 0.2404388238356119 0.6366117297175419 0.3338107128084138 0.4904563882828773 0.41070433899810066 0.29939133256238337 0.44580602710731854 0.4149322572293548 0.26394393498309904 0.4134227917226266 0.16053614849464146 0.3763280702824856 0.24782480349677688 0.32148541182831236
98 1568 0 0 0 0.048876869613831773 0.5257935719970906 0.060311251841285635 0.29196939371171327 0.2869888316578707 0.5563155068300267 0.22231037421716596 0.2237066132858176 0.2437523967672205 0.6273706365952046 0.32406762030420133 0.49584407875027164 0.41051676672609183 0.31623938809695185 0.45035949430795547 0.4212193813677973 0.28550942868535656 0.4030827361382574 0.13990904429614673 0.3904571541125935 0.23422162987047412 0.3063958686014611
99 1584 0 0 0 0.044749588269958666 0.5397905152465289 0.048353438778210425 0.27309293365495135 0.2842524791855893 0.5605047799093942 0.24458622804624086 0.21401222412405102 0.23864998401215648 0.6231359174291998 0.33100956317832486 0.4996656793463262 0.4079066775058113 0.30919688775590615 0.44512177076181425 0.4235868730527337 0.2746970549577852 0.42645593374015056 0.14908168145676798 0.3923154630471741 0.22641000980396056 0.3078463572188744
100 1600 0 0 0 0.05453746039928574 0.5199236478481207 0.055131963015220685 0.2698650952015249 0.2881638951486314 0.5835896388626469 0.23903254372793187 0.21563409276608123 0.23110161762250972 0.6216057674304916 0.322745828326136 0.4910517168833315 0.41530276876184163 0.3008765059410685 0.4419988945560951 0.4470915193498415 0.2838301999282258 0.42269820273241676 0.17014063680194833 0.40705915750356725 0.23954905053611716 0.3165030656929372
