% # columns="iter, evals, sigma, 0, fitness, xbest" seed=161168, Wed Nov 26 12:23:00 2025, <python>{}</python>
1 16 0.048556398752884866 0 75.16218100561461 0.00040815014867769014 0.37248432969439194 0.3024174764890948 0.6559401810724742 0.22723660075860808 0.46961701866202593 0.3366877605063353 0.12804795486987772 0.42129369775472514 0.6448861031249017 0.23857153756582541 0.7799561018424858 0.40044907013214404 0.23334428172872307 0.512325817798265 0.49008423542727286 0.4947874674392345 0.5295326803806861 0.2970541377428936 0.4505545641169709 0.34208474085991003 0.49676069386624355
2 32 0.048688851086433727 0 73.9573378496998 0.007240572789551363 0.4640785338313031 0.26139910891369117 0.5623759342925917 0.22340181712155083 0.4747926256050721 0.28035241449815146 0.10210946413061116 0.4765527314386033 0.6476843984236046 0.2900345162109173 0.7873653284418496 0.44327641351688396 0.19556140682874484 0.5279937198599285 0.5233198266770255 0.43834071636660515 0.43937448249757133 0.26444991104521154 0.437790523826733 0.35927689748924263 0.403701475721272
3 48 0.05043326719678313 0 42.564792872413605 0.07897020933170606 0.45899182208636496 0.1908715229087991 0.5900224871179004 0.20274056813383606 0.37982174949431174 0.29728745278441293 0.11887049000826098 0.4349333443285555 0.641743290918283 0.2787657866822091 0.7224710136545125 0.3900930711022149 0.2544503490658831 0.4923747525263716 0.4044875516440685 0.40568701096219945 0.4581243764506693 0.30933986851547307 0.5276374730159593 0.2787560641633445 0.41872871270374346
4 64 0.05203850809479686 0 40.355012183848714 0.009237222462100503 0.3868521810907415 0.24384468699194775 0.577791847868087 0.3472394881354276 0.46142741982303825 0.20696053728913194 0.18319905251144708 0.34659160902929725 0.6588504867873117 0.2402565599182142 0.8464893925761082 0.43057289408277344 0.2555561240315464 0.47215398404070186 0.35894567469417443 0.39581239010832536 0.40934809231183367 0.28646834325447157 0.46278891901131114 0.4245651456203197 0.4066938269902357
5 80 0.0524006738323749 0 20.778721907878502 0.09247372388610292 0.43000680126974766 0.1773550777078689 0.5646016964666449 0.23817272956601188 0.5232233314551824 0.2471017791032119 0.25466155142753716 0.34682926706007344 0.6481798568859992 0.2805839919754605 0.7717593121663003 0.4440701131048389 0.21560959900019283 0.4629442718594077 0.35749529666681146 0.4048627630262827 0.46604332889637795 0.34179114057828536 0.5274401999206109 0.3027009626315493 0.42642556460838693
6 96 0.05321187786717866 0 15.6244837784764 0.029177734607965834 0.39934191557965454 0.26168077637837694 0.5986343662457134 0.28470706676651836 0.39671033079748297 0.3011778640091052 0.17642197342848442 0.34113001946901994 0.6310685850971611 0.21433245190567754 0.7473968995506896 0.4242584284758668 0.207082670278087 0.4350455930888265 0.41113658403221065 0.3812451854036268 0.5265741883529552 0.19298888468558287 0.45273067697919755 0.25743095615419825 0.4893425625866701
7 112 0.056531070867780316 0 17.807223693436132 0.04400238044544696 0.37814684806609195 0.20828331461526023 0.5886164671899176 0.24335958304797814 0.47748756313976476 0.37206164822108356 0.1742801982922916 0.30375399277459303 0.6266188758500193 0.1650048628190357 0.7485644562184143 0.41970513113455743 0.3029699045643354 0.47031429564686905 0.3965685128594911 0.37630631279635995 0.42602332071008775 0.23021773212422914 0.3948366884818507 0.158992972378069 0.4203377492300491
8 128 0.059983867884222906 0 21.723944106564012 0.08245272484866731 0.4179767589852344 0.29573139823694783 0.574836267506965 0.29504034889127423 0.42034143145500563 0.29938320201612606 0.17530763694223622 0.2594845104496817 0.5277544141660826 0.11940289287511548 0.8621965600427427 0.2876429470412206 0.2902869489165885 0.5005836998624746 0.386902422348601 0.4092001059057538 0.4726389985887555 0.16029362579417217 0.589858309617551 0.2649774012921666 0.3554302694388456
9 144 0.06279366287598047 0 19.656894949080254 0.04378051097223943 0.3492607747145786 0.3273139893145107 0.6400111720291182 0.20003287949264426 0.47616213746841507 0.2810832255927175 0.25131622803761816 0.2718089171171485 0.607862455453503 0.06779740623583275 0.858654536018669 0.3879773948010606 0.21072559066120572 0.45932125121553363 0.3819741519115276 0.32192639790230576 0.5583834186463565 0.12394684156818672 0.49635346179814704 0.19315694831058206 0.38031114601920735
10 160 0.06398363463769119 0 14.125438119234106 0.029152628701948718 0.4772133085836441 0.3555885237628582 0.4541277754758417 0.29992485277290293 0.36574449349013793 0.20180905907533173 0.24057288434022586 0.28117774400155915 0.5167346492282446 0.20906784394669065 0.6555122471250519 0.47034519423506993 0.23187451011450433 0.39719751095532957 0.3155937887395722 0.42008701736097226 0.3843885873644314 0.14156264423322804 0.5367641550072746 0.11851321475672968 0.293810909849703
11 176 0.06640473262149595 0 16.170312057083674 0.0658711999149405 0.47970021975666627 0.33547248584283684 0.3675270849669168 0.18303442995680086 0.43130950666815704 0.22168153624531042 0.2380276147354359 0.3832730335552372 0.5130694447949606 0.06769305909957027 0.6844561167157791 0.4112979257332308 0.2717789310104763 0.34685933006174224 0.31018182267141364 0.31821462353310265 0.49273937766957254 0.2707959548102606 0.4478386050364281 0.20792065397100026 0.29987828107162795
12 192 0.06612851428876605 0 23.98510601091016 0.0019673055744553387 0.3140565555054353 0.16987456691461406 0.45245984562131336 0.33307807753976987 0.5022007401648447 0.2489034037441259 0.3013289058652223 0.2702973246091614 0.5324522273120499 0.14586733749096042 0.7176045305475682 0.458399613193052 0.25143096897824585 0.3729060371378204 0.41524123929674844 0.3275329891969897 0.4307868889454817 0.2455080359427692 0.4623018086773426 0.29908714298536326 0.3301964413178188
13 208 0.06553162595631186 0 14.032461864344192 0.009614239435828535 0.3723588499397186 0.20956204390363548 0.5315339432872968 0.2566726803184047 0.5063061788743004 0.3417794630647858 0.24485739991470526 0.28453106067759176 0.6392112379982952 0.19948462949394397 0.723336334847611 0.45316066454391685 0.2991360426889771 0.22564781113583496 0.3486771524530614 0.43985629914302676 0.39175762433541506 0.23449469626825248 0.40658471743268293 0.09109740406997814 0.30298557560581574
14 224 0.06643458139689445 0 20.173027572802145 0.0006348918540910312 0.4589110651173577 0.17533126239716412 0.295645671677222 0.3321134355280097 0.6516968176409862 0.35818218803500956 0.3436074290610707 0.2044782140047823 0.6871988602136406 0.18504003678437156 0.6172643081256665 0.3264590893961701 0.25753033076684256 0.2779320616625076 0.3983219976310424 0.43697316259867763 0.40713763473592446 0.07133801955165145 0.36741347597632035 0.13670662984184875 0.2661808033401975
15 240 0.06797185834005998 0 19.150862956584 0.043477497030113645 0.43385757111035167 0.17000872127903685 0.25023258242723506 0.178284419442032 0.6369962894361738 0.292567467061376 0.29838616058183604 0.37041306119554585 0.6501389736468348 0.21867447773999732 0.677789213288118 0.3654440187067174 0.31453776853940396 0.2691989115527914 0.34331659910821927 0.436314627644702 0.33206571047742894 0.2764607580543949 0.40033606337200567 0.13695883401278164 0.2102084551272961
16 256 0.06514912524093601 0 10.208963322373053 0.034663280082960386 0.49091389928709334 0.2936766748947445 0.345645096159444 0.28382468910776865 0.5744892481152746 0.24249886602127096 0.22284311485588548 0.3574800466195023 0.4892228277569758 0.16753088986720077 0.6412343673613402 0.43496527849755207 0.3293422060705516 0.26676291316034156 0.4396406879327819 0.40459066533548377 0.409877218663139 0.1239917504192951 0.465578002622695 0.34404634687986296 0.2693017902487913
17 272 0.06279461002244584 0 15.117053520658365 0.0660560554824812 0.41659382452324334 0.23145167811315928 0.38482123421481257 0.21919641587658834 0.5668975783453366 0.2850976921286457 0.3353324653887695 0.35524264631854485 0.6760130155169718 0.14201863042817703 0.6346084898343961 0.38866737264332896 0.4282287111750705 0.3562484118700418 0.37983693343278696 0.4792932187172114 0.4477012919750617 0.03584562376925063 0.5016665991309728 0.24898018119356116 0.294464679418831
18 288 0.06292127318891393 0 12.186332257428287 0.02767845907009374 0.4753223641196586 0.26417096483169916 0.37145013918963804 0.25226885385126535 0.46580757826243424 0.26807485481933013 0.29892378905760586 0.2899738599466048 0.643741443443121 0.34719208945513724 0.5068389665392804 0.36416120177804784 0.28021874777813277 0.3251518012388282 0.3462772086587077 0.43835666321492045 0.3999794567685767 0.17131036629492052 0.37249019250614523 0.33777309094331065 0.17501377925259426
19 304 0.06354065777194685 0 20.27517456109317 0.003927648772254666 0.48910906290739 0.27357660238969195 0.3682182866357804 0.25957132630000773 0.6012029152947398 0.20460156569973056 0.27099595493478024 0.32420132513700406 0.5397694638847853 0.3241840005469254 0.570938137092823 0.40935724752142727 0.3871106776498359 0.34579419481821244 0.27307607861118954 0.32944751079296775 0.41392137410636226 0.17643086891590212 0.35533802212148735 0.32317266697969577 0.2153491246435924
20 320 0.06312849180397793 0 10.2631641121903 0.04165460042612324 0.4765231177588015 0.3145041844287381 0.44241544267129984 0.19457264964528564 0.42690465998149674 0.2721425392089759 0.15338109263396968 0.3298512567085514 0.5451702973856922 0.27220142492997135 0.561118240893843 0.3993181844677908 0.3960493858538624 0.32000127955580254 0.34458613650330316 0.39427799918846695 0.3078233960764924 0.18991906185365365 0.5006800218795397 0.301409317110065 0.25928582055363963
21 336 0.06340380224016669 0 22.24178840296475 0.04441047163185183 0.4931235371307233 0.2549901047500645 0.40877985672124467 0.15309389145627725 0.48473648272423603 0.31740743688070694 0.1998694436012852 0.38014722761445024 0.6065455298451362 0.25090384005725025 0.6693448491669266 0.30649888965425 0.41396134227245585 0.35887945281838546 0.43963252745679743 0.3497799112182494 0.37227613870552156 0.15773905205553626 0.4101940777293579 0.34106130722607586 0.2425850359517018
22 352 0.061630643172624316 0 20.23801891076481 0.007453253356235948 0.3613030369820915 0.2550215945998436 0.4160999035834366 0.2032195671493818 0.5440881255734087 0.1927210058878856 0.19473547990471166 0.3323405637549096 0.5110249477969374 0.2058396419896197 0.6299750757912002 0.30275135658119445 0.41924266785921765 0.35695671786356886 0.43728103129485546 0.3480080266017024 0.3056738705015157 0.1343825771421934 0.43947079570821246 0.3363650138649434 0.24430290759064127
23 368 0.06262069136765223 0 20.34624133973656 0.0013862998580572517 0.3858166120559223 0.2467856179411483 0.3423316756363068 0.11619408343306503 0.5339969155804978 0.3193227675547635 0.1844084186063913 0.2366792063022266 0.4175643498934815 0.33333835702735354 0.5910513344363448 0.34935352592353036 0.35668598013607417 0.323405001661635 0.33850922273340406 0.3698380546107481 0.2923519064149109 0.18500842165801654 0.5580207085162037 0.24772165122979378 0.16252943520147428
24 384 0.06468316559235769 0 10.450663675501296 0.029862322484026555 0.40548685875113855 0.25512486991184036 0.2932037632041356 0.07985348529422692 0.47975963155909207 0.205146323741224 0.2710501889782746 0.33287530649701735 0.41673559342091243 0.18238656204924839 0.5774864753893973 0.2660683211485985 0.42024543570979206 0.44528881370300516 0.4602498849172192 0.3840896872798312 0.33189217454203396 0.12797529347765713 0.5069153827347654 0.32993871698524224 0.20637257838417125
25 400 0.06674687299617532 0 10.336523552117237 8.467877528615163e-05 0.4255044860014191 0.1613649596302129 0.2690392657930599 0.24241950378850508 0.6206347521715365 0.28833919473788006 0.21261683279000174 0.2629729432488871 0.4690719831187102 0.32696745301322505 0.5961160471319858 0.3593470999890371 0.5057807609535164 0.23193259786499149 0.5416327403801745 0.3242657774766458 0.26642125208497053 0.14676927572973442 0.47905756169083114 0.36941080428594186 0.21318674163160292
26 416 0.06925510163414897 0 10.39683550005467 0.00041818142864824494 0.5246287025330216 0.22271412197682205 0.36916025582125866 0.17234105741932262 0.4034058148589804 0.15742048959848315 0.3016897791273517 0.36591038823529987 0.4017250137762913 0.16663687013328227 0.6033491819686116 0.2988431248638749 0.5420093525456616 0.24418827170953897 0.5099953097482461 0.42374586508967005 0.38758252014949723 0.09747336237386615 0.4907836245590425 0.3379946417253977 0.2390276315176177
27 432 0.06927988042158534 0 20.375743775637957 0.03892686820358345 0.3924081156186534 0.1321262600767301 0.25616758938969125 0.24950919875464878 0.5927898465900434 0.1594864084937867 0.33032148018400936 0.3047388586240428 0.4170884096774344 0.31673495440077076 0.5216063346603194 0.3664560400020244 0.5592984898804778 0.30247111107961444 0.5077284572906817 0.318372412121628 0.3671876138441693 0.1444688837751036 0.6281103176780717 0.2769783948354876 0.2445160581225211
28 448 0.068111340109813 0 10.296717204710077 0.00010521214012216057 0.5194898202309175 0.2082235951955586 0.23661581006436067 0.2649489906665655 0.5969521024531996 0.057460190076185844 0.318492358336461 0.2579031160604009 0.44189827024470585 0.23626486533075639 0.5392223797300472 0.36784443306093156 0.5006844299376264 0.32685833651849194 0.5556194805990239 0.31173178158714865 0.35170020559328063 0.13781412935315723 0.48797607936209475 0.33708504490518804 0.26733440691422283
29 464 0.06867232101508296 0 10.548257452441936 0.005438005281261082 0.5180531553774607 0.1983186191722116 0.25392057104220134 0.16576563869415314 0.5409710328615487 0.056937704258168936 0.4292198731298361 0.30297089631088736 0.34013075132526166 0.23923728162355545 0.44783532113504976 0.33094488034771175 0.4825701671217003 0.30444682717922317 0.6655856684598231 0.2481124288658297 0.3820727260452015 0.07344219373532705 0.579960693543261 0.297854528344445 0.2213446332723623
30 480 0.0692851811671199 0 10.46619134580605 0.020665521138109915 0.3725284095528965 0.2525209110924624 0.30157080786745605 0.16281906268559276 0.5066669452832566 0.07145565702957705 0.37250563189316 0.2494205927336005 0.44742204151978116 0.29834900608462234 0.4762725972593467 0.35504633701666194 0.4050409841789931 0.29930353119917835 0.634304314376438 0.16334797690078154 0.3637022237604924 0.006431102402996511 0.5256117336378887 0.26001162280846035 0.1951035585184524
31 496 0.07002137228831101 0 10.512471292389307 0.06921820240366654 0.43057320500411056 0.18813482644191834 0.3691025271580368 0.3671033672752283 0.5013018084112699 0.1257283333263859 0.2767916287624264 0.11278942770717769 0.36753670623637913 0.2294441598791601 0.5666496149669807 0.2783367091166389 0.425985705024115 0.17282439678611183 0.676059375557124 0.19996636231759224 0.43030323103209717 0.0052317334169728075 0.6237045265247835 0.32702056341491226 0.3688994984713174
32 512 0.06997167406412437 0 10.294000195102376 0.033036033918504085 0.3859965117673077 0.17932114331853638 0.3478577888646896 0.29356150321879043 0.5770083987061192 0.22189788504060237 0.281454613125123 0.2852013459358892 0.45128906087158355 0.3225226237488901 0.5336968483263217 0.38019586871499594 0.3242284188214993 0.19202165817394828 0.7014940552222036 0.2197837388224593 0.4282593333945844 0.005776644624630044 0.551905672019272 0.3008743956593704 0.33334818201349486
33 528 0.07221177406125279 0 15.977703032089991 0.014569894247298461 0.43656056103087054 0.048025568151671943 0.491871873707526 0.1849681344916596 0.5232756045923275 0.14103904783497276 0.1667938398651856 0.3682156439951196 0.2448427474642701 0.38659310651552337 0.6584441537965809 0.3051379556660301 0.3899559909649099 0.34888252164932954 0.48865699155493714 0.17353338708475352 0.38340502133366033 0.01203832105216364 0.6055253081114168 0.2460221617841174 0.4374004183048118
34 544 0.07319884796183672 0 10.429083369966715 0.0002107618804644117 0.40421266908376163 0.20413533744665263 0.3209951219187633 0.07896886617729099 0.5420002841099016 0.10265942146239823 0.20753154253486278 0.35201585172381283 0.2966538160883931 0.3861174413682853 0.5017647391682134 0.27838826107671366 0.43097575077554423 0.27737644696158037 0.6146264226478723 0.15124313354244995 0.262893786947101 0.004557151706628267 0.5398593638358569 0.24382469136369742 0.24816842242059195
35 560 0.07206427091086004 0 18.11501007892347 0.011188616407788456 0.4101366027745096 0.1977843196828157 0.4199700170355922 0.1844356392683527 0.5443830049845524 0.2135284461283825 0.13112079895621076 0.35058130467245796 0.28895618445643234 0.3531997440276743 0.49585569888355974 0.5275963281717392 0.3213860747538407 0.34657446322086416 0.43755601042556314 0.22520480732402773 0.3184246110833584 0.0010094975920421703 0.5853150651919661 0.18631378558102957 0.2374615553731257
36 576 0.07193747036412644 0 20.27786290272935 0.054367431738208155 0.41689655874998366 0.1822423559600205 0.3578164019269678 0.2481966293223392 0.6152719715216507 0.0362357361763125 0.2642102845087325 0.2903846165567804 0.19342927640264654 0.2266740181902136 0.5059676598517112 0.46178684136865994 0.47057295716756276 0.25808337206222937 0.4655716479363887 0.2238762700985087 0.25144184558877625 0.12886901117393268 0.6396016652876209 0.1270178026130398 0.15852114603316297
37 592 0.07019281065861273 0 10.69952568350664 0.01805190779625719 0.4301181143597724 0.1461511566389857 0.3572248804656828 0.06465969963341875 0.5695416650610222 0.14760775482409516 0.3017798542956467 0.19371758143983558 0.43301291954408916 0.2846899490769334 0.5800626973816947 0.34878225170077265 0.32869509493909266 0.2669814289586428 0.44581585130821977 0.25877470498860283 0.2566490057892526 0.013580148968267642 0.5436003488990928 0.18619120407336262 0.267353185384204
38 608 0.06932306737329591 0 12.48368500595938 0.001085507984232371 0.3407366691172768 0.09047727544036742 0.42753190914531963 0.09358216332414615 0.5581358945151489 0.07639433344966366 0.3452030736190095 0.1948369118056279 0.4842945267218324 0.34606525326497317 0.5491959049636311 0.31092801776778156 0.24111824137472745 0.30709496757688926 0.4695858954706126 0.2969373908454687 0.33800031805459174 0.0021134759096936052 0.6067857177326509 0.13626110261930263 0.37713503953635696
39 624 0.06865450039635089 0 20.30485262481861 0.0024702455578078817 0.2762721992390978 0.05724688666949694 0.46939197273387445 0.13307189972641525 0.6971153926345931 0.055252093397316335 0.32801223873393387 0.24171293082301026 0.24642105662699926 0.3036914619365945 0.5144755731918994 0.42224523916735757 0.35897479358331685 0.23519010524382838 0.5220248365078541 0.3416081305462697 0.26703144180230554 0.005544180271351127 0.657146561701857 0.2543850828455192 0.31921469050579937
40 640 0.06785634322868832 0 14.241998123738458 0.03732463621531593 0.42086023646435944 0.06129824529702374 0.32462022306076654 0.2638679385771243 0.6660411606301772 0.08726173289648045 0.37746878531098277 0.1389043168734533 0.22454307338806329 0.3518875875269397 0.5397997201308872 0.39213746644112096 0.2914724931163623 0.2445708452767328 0.5037972253206999 0.32491871811916556 0.4332387266925657 0.004018743120535726 0.5810324993746626 0.2845044774878645 0.39445670466885774
41 656 0.06589942761986009 0 10.55489045883908 0.0044909297144839575 0.3530202459835197 0.06386270508068129 0.3321912826606959 0.2479475920058167 0.5917634906117692 0.05511247863568229 0.24543943241793653 0.06693470820362074 0.42330249400164266 0.21073066117074798 0.4561650130239368 0.3399387890878198 0.3199900786595086 0.3535835072046551 0.5467077681826804 0.2130516344516155 0.35107479350102205 0.011034140591624568 0.5227935864642187 0.33678675761168725 0.3906481778768163
42 672 0.06492885398165907 0 12.425057910137294 6.0566773919491875e-06 0.4030209486532828 0.04027521565845911 0.4828934291113838 0.257541316124603 0.6527959237594186 0.07832950496142171 0.4108942694138101 0.051130005336199255 0.2861889669083084 0.1680313894354019 0.3742402422078273 0.41207554864622764 0.2904666166786597 0.3072803583608339 0.5533559447790135 0.3024495365681112 0.3365549117688599 0.0032197525199261193 0.5709375750258201 0.373326850946747 0.42689252297134933
43 688 0.06488504855182929 0 24.059361963119347 0.002811420074941365 0.36731224145907915 0.09177809205150571 0.49453711865726474 0.14210535003694746 0.6500714946297361 0.1336835838823516 0.15339429665196527 0.2133389948859416 0.38374682502600854 0.23273534494938175 0.4082875780932992 0.3605791170156406 0.2780962186474487 0.38007211724501494 0.5641496315990259 0.3157373342342503 0.32436176617650714 0.0946541514732902 0.5938687664132992 0.42154456950817293 0.3843946518922732
44 704 0.06470414288087212 0 16.103479895866105 0.01530673815906177 0.3223075951223983 0.0804824519194576 0.48417637834926847 0.15679265786927232 0.7068143574073602 0.06481578558830996 0.26884319155473246 0.11821672743420714 0.4284256800764705 0.209000319230899 0.4043322764033554 0.40834819467101136 0.14760189201138507 0.4023638830820558 0.46505651453509095 0.27361889318441185 0.3100822868523678 0.010717031582482868 0.5253186822391751 0.38745843407204134 0.34923873168955505
45 720 0.06244010372135898 0 14.362112224024175 0.008569691625847272 0.320611334469763 0.12100594221605068 0.5522493891464362 0.14778926142078508 0.6972377314435371 0.04262335888427916 0.2642155767366474 0.10587723270676119 0.43397671912265207 0.21565116005518664 0.4135858945550049 0.3971817598754888 0.3201781035766917 0.31936337156956074 0.49160767869672983 0.28970920486052804 0.3360974107928236 0.0004692942791435817 0.606199272312397 0.3575839446612885 0.3817966712570473
46 736 0.06061074080478583 0 14.336751372908378 0.04860855685129742 0.3984253110274921 0.09784686117923164 0.3842543867158561 0.1781876990155751 0.6636139290489951 0.14090237733021943 0.31252235355253893 0.12851924474911702 0.5316502393441542 0.2157075302391913 0.41837174222933593 0.379587970645084 0.290701984272876 0.3444073300501449 0.525979712931785 0.4229709436483825 0.39335765602609574 0.00728147311170502 0.609620000500603 0.27287563801328185 0.3527556052318885
47 752 0.06115787194656989 0 14.254541390473829 0.052433136212932906 0.4936694305400814 0.08969185435828743 0.4474644533452436 0.21370926924949918 0.6370505801109175 0.18597068145983445 0.2818089271391528 0.11734598540363517 0.512010783906686 0.26259972351333644 0.3540947633885516 0.4890375788975514 0.28965038680535016 0.35044748707317547 0.6143701642021208 0.3622237813787697 0.4448164534144106 0.015967120486022793 0.5628446430408355 0.3157150470567082 0.3497338875590389
48 768 0.0612277650626035 0 14.404693235603194 0.02003727066535818 0.42329341165200257 0.1445673833419287 0.387190115494084 0.1896397290233634 0.557141648437213 0.13921950985075096 0.23477471232959937 0.12324580538761079 0.4911467453069876 0.19364891656906155 0.30129580757416397 0.494682297527387 0.2525127293895148 0.33033556370171807 0.5410192321449347 0.22933953578163996 0.4096313977060661 0.01755521431855992 0.5243654743788237 0.30184613003748945 0.22955854656738384
49 784 0.06354891153200247 0 14.113053048750514 0.01022025382057 0.41290280180516026 0.1130078192259897 0.3948765790959685 0.2552305938940317 0.5568849217814055 0.13012749650416053 0.23078340770179565 0.12502510830361016 0.5974249053086556 0.22331077160672633 0.33869641909400294 0.4832017178921277 0.328279624655724 0.3606663885975183 0.5472579976001021 0.28020969303260856 0.510051974179041 0.09591741139839353 0.4886941506989665 0.3701302740654966 0.19790256681871413
50 800 0.06413892546742204 0 16.51462119497092 0.0034063278139388324 0.4312034156467575 0.07570479294571127 0.31918273187055063 0.2143517169261429 0.5931959107965722 0.17867751452838873 0.2786781957124548 0.031026131329617485 0.4769334026160722 0.13811497591059463 0.4146312092525983 0.4614594875037289 0.2882471363860128 0.327753595309395 0.5120586129542789 0.28026261413842923 0.45977419877620185 0.005485228441535346 0.5250119392725062 0.25462881853211294 0.25052197167039086
51 816 0.06296050724000611 0 16.244448625454893 0.07041120319285432 0.5243907800918782 0.058507265823998095 0.40376697450445004 0.2523993320771777 0.5665276492511262 0.18840202628717306 0.23940947321248995 0.17774614057644722 0.5796289100208956 0.25760385582626044 0.3613271658955054 0.4695221879367482 0.22325683671522437 0.429918333223091 0.49749928845314456 0.2512309053343495 0.4249307202628417 0.00596013210040691 0.49924994901602643 0.26268740013166236 0.21049277983748027
52 832 0.061302373485372444 0 12.405023697913553 0.0024980059490672907 0.5909621507765839 0.12457629010497887 0.37761130622184635 0.28977582176405065 0.5683731750005682 0.1419407381400261 0.30273679032614753 0.19127054384594722 0.5178389049404695 0.14540624506465713 0.4344408894981385 0.39358848958867515 0.3881287775659463 0.3877740129938093 0.5360356404167294 0.1810722666142794 0.38499384567761075 0.00035226837548143813 0.5114349204034553 0.2268721125625108 0.1536044268840181
53 848 0.061683660637008975 0 12.428038681148053 0.02768903213138026 0.5871468336966851 0.03583239825829321 0.3309896102887968 0.24328507605100821 0.5969614292476655 0.20279597142831476 0.2555526229690486 0.24153034773513407 0.5442522290429118 0.13652420783725233 0.3956447375472657 0.39994147501581306 0.3503939351267427 0.3201049698823124 0.4417181398626908 0.27589391208930353 0.2860079174566451 0.0013572941344383196 0.4873745454317419 0.20991452674733077 0.1690123396368387
54 864 0.06315095117332138 0 12.525830596119379 0.0032274298014486297 0.5559261266109545 0.05781021345581718 0.2534625512679752 0.21830378004167386 0.5721974881735123 0.1849678465955425 0.29129626433429645 0.19540540432878242 0.5057005142634438 0.21962913574117096 0.36767930758211315 0.43802621877862935 0.31854456556442057 0.27777813045664335 0.3642213729799678 0.16448605129281024 0.43163938423834325 0.005707703063347081 0.4225607542080542 0.16562404827992916 0.1900022807787326
55 880 0.06477114645551703 0 12.362186547558325 0.0035244417990744335 0.515165561151587 0.22545156555552365 0.244946627739409 0.30320583628550213 0.4624567094083286 0.31879541726786237 0.2419344913855639 0.09320398276807794 0.5891967617859024 0.18703074322754482 0.3033964473156978 0.3723968104362734 0.33199201795613636 0.35256046441298394 0.5784025379611287 0.18469296165530763 0.39930221156405116 0.0027608353213209643 0.2642452847863037 0.18251036766971757 0.2135233657334602
56 896 0.06510839112520536 0 10.871586991484024 0.016650028451638713 0.4805258657839756 0.047084195050948845 0.39326409736333906 0.17100098522463653 0.5888312247219031 0.20318362645505395 0.28368138968005735 0.10342187011164468 0.4731674279535983 0.16327618582710715 0.338649571585567 0.24913821205980866 0.3236427403107675 0.3537179783002172 0.49689968381027383 0.10198483261253281 0.37685272913776663 1.0365788956277497e-05 0.3421931170801684 0.17713184558751932 0.2112330305065285
57 912 0.06432527239166834 0 10.487056728113513 0.00884984190705766 0.5350252233328835 0.08888042536174444 0.2538628478347859 0.2488580505015972 0.6038782686250499 0.2865162224260332 0.20099229634465798 0.17537809985599845 0.5655938467255505 0.13510113891763062 0.416143394550993 0.2853848176159961 0.35724806699333134 0.3788414184820395 0.5319035133512837 0.1688537950233201 0.3444120409100932 0.02958974023658751 0.3680995362793488 0.15864055961244128 0.1794145658805057
58 928 0.062164402534674076 0 12.556147698535417 0.02453405923362566 0.5176893004415007 0.08328558250488907 0.24765036809382032 0.25953927914584757 0.4879792865393041 0.26715029432021176 0.28998325710597606 0.1485533129050793 0.4911203252030156 0.1791207225417036 0.29151198573435344 0.4062961936888415 0.22442974115675324 0.37997633684567816 0.49310856806814746 0.22577272468099702 0.364407032240337 0.014898257349473254 0.4432411050020877 0.23209996140897193 0.2200268322599954
59 944 0.06011498988235381 0 14.3652785570584 0.0172117882000083 0.5244030926825348 0.0843366450211171 0.2665335958472412 0.3379421752377114 0.5514156523247541 0.3118841717945385 0.23731969429573035 0.09018102615858974 0.5564692664226752 0.22244192135606491 0.4345750210231993 0.41710022533636976 0.38161849905541423 0.3395672060855048 0.43474207955280386 0.07980748191109341 0.3321371300564792 0.024951215470598122 0.31359514614014117 0.09186789487859015 0.08781216453861584
60 960 0.05683955622645509 0 12.380651941394646 0.018481486866191808 0.5056380590431556 0.06385169546459762 0.3768088768752986 0.3072782045213242 0.5146121178950102 0.3591674647431571 0.3230249858688131 0.06320568545960425 0.5645092670873244 0.16507024441149992 0.49439756503621024 0.42572563705391087 0.3032689761032433 0.3620963318670919 0.47673209241807774 0.1965206032183566 0.3923699463881668 0.10902926036850473 0.4082475411809527 0.16605231570168014 0.14223995227085026
61 976 0.053218122340735016 0 12.242726439920192 0.027451027065016387 0.5180638031748983 0.059960064078258386 0.23736819027834166 0.21992172574448499 0.6311299343836568 0.2396119670362047 0.2651567844263259 0.14734115961070848 0.5593308802117989 0.1997716900698258 0.46598814536009653 0.4246976378133713 0.3111541460195087 0.43115312260824895 0.46223085401213804 0.15200107642949096 0.3343596980918656 0.09899329479858422 0.38441201594480207 0.19054282223954783 0.1515899286651569
62 992 0.04985159677997271 0 10.313995191307319 0.05781298857607995 0.5783408567065423 0.024420990192082197 0.3065780743596349 0.3535007498186139 0.547825171330898 0.3235100837989186 0.25582883295270437 0.10977012009571879 0.5110611779638335 0.2544720745284551 0.45948685225063135 0.38245558989246264 0.3358624849957008 0.31837721200788494 0.4945274532518993 0.2114952696563578 0.4125452625307784 0.07201523596490193 0.38691356498483986 0.24846877681844903 0.17272435981800205
63 1008 0.04686299459156417 0 10.45890448858567 0.03497608666550477 0.5502326025973314 0.08985676598201904 0.24035878482891915 0.3324707716968449 0.5998454214092573 0.2857631616057248 0.25421866709344404 0.13668722682071574 0.518715482263322 0.1951534665616374 0.3221136957230675 0.3909448627801186 0.35115302225844325 0.35363780418514545 0.44935188909333695 0.19619503650129172 0.4032365366831781 0.10705184717623212 0.42513865978330956 0.2343187335150045 0.24321332834937415
64 1024 0.04463777698037648 0 10.405929674951272 0.07822017162944522 0.5804575521476755 0.036773269656701406 0.3056903463449179 0.28807685810706946 0.6015944985242131 0.3015895295791131 0.3059214351387737 0.16013472863070757 0.5821256006261358 0.37804100023440773 0.37636716626455496 0.38733493334128577 0.30990148080737084 0.33128911963612095 0.4025177479680082 0.2363223108276947 0.33684965205933326 0.17109251628688263 0.34403511474470944 0.22026394845580344 0.22103322261298383
65 1040 0.043154269784848466 0 10.351162372431656 0.018282667675782408 0.4497409633530932 0.04918267459582045 0.28226616468392934 0.2594988097012262 0.580810130861749 0.25761291049286267 0.21458245180348046 0.12308838577695376 0.6060654556075588 0.27006978009535876 0.4665240921555097 0.34476337781161226 0.275881563582577 0.3735399297665936 0.4621067781332628 0.21554146423400294 0.38530243202872483 0.08232438283560517 0.4253508998913822 0.28688520372683196 0.3202232127910156
66 1056 0.04157596603808275 0 10.509453768168473 0.0014515082596589298 0.5378046996259415 0.0644169160726814 0.221071430126651 0.18010261291664237 0.5915395345467743 0.2280461203832585 0.3167555714246735 0.18777062189725902 0.5396321191355182 0.2492687984169402 0.5209651061140751 0.31799554567466054 0.3240349831482872 0.3949198692960192 0.3775657468506284 0.26614764671518776 0.3784253426224721 0.077996488582882 0.43920497003385234 0.22997435414897505 0.25793082504665665
67 1072 0.04023924062621969 0 12.451531756016216 0.001988505203310939 0.5463527873943447 0.05228561371478982 0.29111076960117194 0.28123024581791806 0.5499839763713301 0.23148114966098426 0.27146284950470045 0.11083038703627635 0.5897018345282851 0.264746692705569 0.4683194536584788 0.3934779912706568 0.3007437970148162 0.3276778748782828 0.3992556915332027 0.2255887097306827 0.33604944046115515 0.09332306556933252 0.3623218004754709 0.2287972413533357 0.20897256349484283
68 1088 0.039094230029971554 0 10.55195348026891 0.026897285866146727 0.5398328990513745 0.0803343069003862 0.24072923805682067 0.2926900873385112 0.5714129133601275 0.23582938955449836 0.22987645889554062 0.12671951748528218 0.5481467322394062 0.2372127248616868 0.3920472145385029 0.3393798052919246 0.2906338182187975 0.3806795940557382 0.4235545089423502 0.16704378391775135 0.3776423461591791 0.06429579103812769 0.40325082140906243 0.1813889440420223 0.298627778730844
69 1104 0.039635946840199346 0 10.628909567792594 0.009748024044139008 0.527376828892722 0.09710892059329325 0.2770136509407401 0.273194619535555 0.5475032587092632 0.258808428182669 0.23938665530592532 0.11729003588855727 0.5377904378946206 0.22711257506235014 0.41080716191108646 0.32786911981993766 0.2645740276720592 0.4106116017112785 0.3479022352646825 0.24851590759883097 0.34850762657283996 0.04562381831928531 0.39077227668518283 0.13707822361000876 0.34032694486472176
70 1120 0.03827523322853248 0 10.599847572711505 0.004659963965343089 0.55109344210254 0.0871374204679732 0.2142337484851371 0.2602814061434962 0.5891297418164856 0.22880123204520386 0.29023221305039343 0.10311758382010942 0.5481035959689637 0.21684485804851134 0.4182586297159076 0.3425959720924896 0.26472750558044145 0.39576218546963293 0.3890127070755968 0.1206089116794341 0.3525802671869107 0.05405233771234516 0.37895576031598416 0.06828390347946847 0.2801215842821351
71 1136 0.03671793988740035 0 10.460482610025265 0.026688865012865978 0.5568942267986551 0.09843003211408001 0.20491274863970135 0.28106540900223187 0.5598868126924977 0.23420979093000682 0.236390189575156 0.12424490978309777 0.5544305006398346 0.24961420568620807 0.434283070054548 0.41143006357350353 0.3307670966202758 0.38813589078204386 0.4291807503429348 0.1767338787864441 0.40912247952474645 0.05486232586567187 0.41579199276893974 0.203586731573804 0.31442459193861205
72 1152 0.035809861024617015 0 10.551603589359827 0.016925079320432947 0.5770561229775255 0.09319653408425102 0.194151936850146 0.22181397723248977 0.5452086441901054 0.24750591825484797 0.27777294215733744 0.1620685917724553 0.5867115972209312 0.28929330337879017 0.3576001331408836 0.31194127003129374 0.2567556840490657 0.4082228385277064 0.3967395717940572 0.1455541869094236 0.37951792740452595 0.020764045571705064 0.3376969079141238 0.1331237718418264 0.2704336466115785
73 1168 0.03543728340143269 0 10.434338666492886 0.0255084840776599 0.5258647173965793 0.03507855095798607 0.227137418348683 0.2313315801051293 0.5681459297083541 0.260282944851583 0.2443883365027114 0.1684756670982566 0.5903227311181941 0.3153240221405506 0.4480608820083225 0.3373610028369716 0.26356341179819764 0.39086826710050154 0.3980035803042898 0.20733007651324883 0.4018169335952501 0.0033363693284805002 0.47440023518844265 0.13766988817672765 0.3295231372671031
74 1184 0.03480299753605857 0 10.437357101764409 0.06295085775629262 0.5028919959454885 0.07822191022423797 0.24265287896152463 0.2429304412549397 0.553102696663599 0.27307961350164256 0.15742426304290938 0.1371197186454411 0.582931673006022 0.32161128139450185 0.39726526187458416 0.31255233059169657 0.2622548777084497 0.42992519038071425 0.4218416124946506 0.14834860420125873 0.39687818636629685 0.036669946915619166 0.33867677413225394 0.22853881370626078 0.3088247593110469
75 1200 0.03422615881781861 0 10.46473001038895 0.007829897354873007 0.5293612555134662 0.13916790084466374 0.29683731594166474 0.2562816566216182 0.5292563764855353 0.27688546322872254 0.22660632762043703 0.16938304911589985 0.541148388156635 0.28943271902002815 0.4326622191892213 0.3407924211484024 0.2293306881304703 0.4106231322982714 0.4629513624244117 0.23995634691461065 0.4104422186882156 0.01496753305766319 0.40548544274666454 0.1679272134510992 0.3648633243105827
76 1216 0.0337436085473369 0 10.45849876158438 0.015077743528058215 0.525731124884255 0.05978920748788527 0.22237416998843726 0.2198410435894863 0.5239116811051926 0.28783514773117075 0.22307998977222454 0.14677922563716386 0.5173701512635313 0.3176454670833125 0.4086724549019885 0.377443376755508 0.26578190368089954 0.4395714491549872 0.3993494236711673 0.16459909261423536 0.40954289561639834 1.4001587560272041e-05 0.3236226398165086 0.19477044045500158 0.3382361079335138
77 1232 0.03286096069938365 0 10.407365818561258 0.006603071016587628 0.5836133205604365 0.08609625866051748 0.1771765814685463 0.2201312391045938 0.523612607099375 0.28662585438115423 0.2407088248402293 0.1357324280798662 0.5618997846838341 0.33156261850664775 0.4680762697982952 0.33096803698473315 0.3267963874918522 0.418911865500119 0.4115703497626915 0.19955941131613225 0.40933035934403805 0.02232132166966753 0.3023186744700861 0.16268066680976287 0.3316809966898313
78 1248 0.03312298742418305 0 10.391963432321562 0.028743457233917902 0.5240433530054959 0.10611775712260482 0.17368700810173596 0.22241344090630594 0.5951037269830844 0.24804095968927628 0.20681861390868272 0.1021357209954522 0.47785511934422054 0.3450275757997397 0.42664977654187064 0.36031514261586023 0.2578215286376312 0.4378528493203995 0.42051056977625856 0.12157083516927283 0.3920941607263981 0.022255112412707046 0.3063558782868903 0.17989031372129696 0.2954782483147179
79 1264 0.03183787716268812 0 10.463693472127272 0.04742830080823096 0.5174512753738809 0.039886537092972234 0.1855705240838534 0.22791763672913573 0.589158574949256 0.3207473376759474 0.24704519496354888 0.13869003076855696 0.5235865587641312 0.272166434566831 0.47796255250022035 0.36084672488784036 0.3717294890372349 0.38872722984940367 0.438326790666451 0.12103858604117478 0.4018361884326671 0.023581720533256398 0.3040101081764931 0.1983758268809945 0.269336907404603
80 1280 0.030557933709166974 0 10.409159184147747 0.012868012935612622 0.526186341731683 0.04340179055770024 0.21695246463388893 0.24162330382119077 0.5364079500456169 0.2429481427940659 0.24945719282293657 0.11175361280619146 0.5556655067705698 0.3302620446016361 0.46839609150881817 0.3587356020116418 0.2575102411368203 0.4201360270164989 0.4497082096126026 0.1508747665342236 0.43736565817862927 0.05222564057838741 0.3313948511044955 0.2436594377972492 0.3029840584996357
81 1296 0.02916833618010173 0 10.384321678089075 0.03764916991787194 0.515636273686498 0.06239823993421173 0.2062562224284543 0.2638048750459805 0.5365438439418592 0.2997294702347496 0.2922609507191713 0.10986673503327166 0.533541110450858 0.3011259802214928 0.45208620433865215 0.4080128560621658 0.261274045836884 0.3876358322503944 0.4611183156574952 0.18343202149479515 0.4427841110918756 0.07337730189192815 0.33336793494586453 0.24227492037998208 0.3116142016542175
82 1312 0.029038228415106906 0 10.357537938302881 0.04865379581239702 0.5130758260798066 0.02923266858586493 0.19666167032425586 0.2657893597115603 0.5579431582552902 0.28421019283863946 0.31046084175852917 0.06429942072256323 0.5644688537181684 0.3098779796794666 0.46619886640338964 0.3192215874615858 0.2316503026009669 0.39590430984766584 0.45744638795895676 0.2069348823180472 0.42376505842082257 0.042203968634160274 0.34061099148596724 0.22910439364433663 0.36574356190205476
83 1328 0.028549441649203647 0 10.342291765584072 0.043710306578933836 0.4825486182674804 0.05274837012972955 0.2866649074888785 0.2672151680025546 0.5419928108652113 0.28053865319226673 0.2643272595235725 0.16912289519062645 0.5448651802809078 0.34702617515093104 0.5263176149235194 0.3748713360596903 0.22238320491694732 0.4044218191592732 0.4638973082218817 0.1638075671071887 0.4461248896331648 0.11726122092000553 0.33947567198821404 0.24924684054540736 0.3549824238225752
84 1344 0.028257423134549448 0 10.370843308960374 0.04419338779912609 0.5038120418515171 0.05489032984779689 0.26407037054282495 0.22648890753176837 0.5305081996828807 0.2363076467165806 0.2732951883935358 0.16980083253740985 0.5508878335699393 0.369466317491058 0.4814553664304786 0.39303095216566714 0.2275870592696853 0.4280464647343639 0.4510016739553619 0.15531851344563483 0.4703024866828882 0.0952384405013173 0.35837206387295084 0.2055132268263792 0.33486716834469604
85 1360 0.027850789277109583 0 10.363671672521034 0.029940090224326144 0.5457078549946759 0.03312166816016861 0.21783549454656218 0.26538938046536203 0.4908763369905243 0.28597278236982737 0.2865673179628295 0.15228244874276384 0.5531076608351376 0.33455038300181317 0.46472684020126603 0.362084406414694 0.24509275114151724 0.3941862704908719 0.4624898923793739 0.14992900052238736 0.4434985229039594 0.08533835839254017 0.38303576108341775 0.19164878541877753 0.30218379089691666
86 1376 0.027151841058837188 0 10.281120015132998 0.02835826550774355 0.5265134103255001 0.033473231028595576 0.24437220849090316 0.2733802630256801 0.5060007729822888 0.2346521313883751 0.3127247085017749 0.16478561203493344 0.5869985155685242 0.34648404625264767 0.4925908690550817 0.32341657902477416 0.2072962054257363 0.40467395277466206 0.44024906685107484 0.18073104318608268 0.41272532901404857 0.09179625213900286 0.38335429527106124 0.16141199008338633 0.32372782962504937
87 1392 0.0267694387334025 0 10.302568612348635 0.036585472226695046 0.49828450607031327 0.05970206120938391 0.23855527128975781 0.27140794710966193 0.5306805482974554 0.23423384587043833 0.24021102138555295 0.1690064322085832 0.5809662411650478 0.3331483244306111 0.4944260227092192 0.3975651844615062 0.29511480471786966 0.4094173880708338 0.4210814784690756 0.21097772932684516 0.46065514319571715 0.13091734430291724 0.4089451241181054 0.24980703205909424 0.3015219420429675
88 1408 0.026148569203272687 0 10.354602244758825 0.04288541326052976 0.521390780949154 0.039580249886916545 0.2509461345803303 0.24287923751183854 0.5466136162157696 0.2118341836791398 0.21826350881178025 0.1809303918276305 0.5525034917620704 0.3377442834329769 0.48545786583256423 0.33136700834322863 0.29381546886652776 0.43954165091884706 0.43717616468454384 0.21472675729484023 0.43980048705045494 0.11707039730481646 0.36462195636150635 0.27243110454197556 0.2995487090055864
89 1424 0.026492906365238475 0 10.315904674624544 0.0682889054340303 0.5069971436844988 0.05394287248374832 0.29293356588758457 0.28319201335614475 0.5643718070835214 0.2129829868696357 0.20906293077455745 0.18011232622416998 0.6103194869581533 0.3661757801533255 0.502217782856127 0.32246977053766396 0.26338324191128676 0.4344009069630676 0.3724176704037292 0.21931631358643627 0.4497697952110264 0.10808413481970451 0.3306123732869219 0.19506587712094117 0.3136645663550973
90 1440 0.027063470259953544 0 10.247947006443875 0.06623118473734985 0.5197931729191414 0.048338387555225654 0.29674353050741564 0.30181659832726293 0.5251025086105117 0.2657806538599705 0.22118752002576797 0.19434013868475852 0.5867819751681601 0.3780995127896296 0.5402300369401122 0.35295745029820796 0.2680981470131686 0.44766387130145074 0.41488068421483765 0.18171014865345586 0.43339149506695457 0.14412412102401312 0.32296554599517846 0.2002793839071018 0.29354341954550917
91 1456 0.027540584783160446 0 10.076720137620656 0.0478530071576482 0.545959152378101 0.038376973250924304 0.3144927018750751 0.2883927355040528 0.5300763069866881 0.25199891288802556 0.220119902716277 0.20986876011312922 0.6384575953361799 0.3406836484507714 0.5049669115127612 0.4059842697099728 0.28247767945933655 0.45094568326354306 0.4398108102949613 0.2442385688632178 0.43266831101117864 0.1496948218382484 0.3384152118704938 0.2161560231302511 0.2697328364959228
92 1472 0.02792651071226896 0 10.175923162322146 0.030976092020122466 0.49714359599846264 0.047434184229223256 0.31496115975091216 0.25521576083998015 0.548801377247844 0.14619731269983782 0.22746694270204454 0.21325890799638578 0.6480156468273018 0.363221598674008 0.4946353099329062 0.39878660453189724 0.3033022660550864 0.4596774821874617 0.41620754510555075 0.22737537173996034 0.4160753039274167 0.13772863442031374 0.34162485827176037 0.260807136399708 0.2759018032300976
93 1488 0.028686417545611135 0 10.132667059021951 0.05554394640778748 0.521285252132139 0.062319478889682006 0.28604288241753706 0.2490286477802137 0.5233110293599302 0.18966033867674437 0.2202802638689855 0.22410077762129985 0.6321095479329827 0.3689166833718915 0.4852603309853955 0.41840903545209385 0.26970016947840725 0.46700598896398626 0.39637452464072337 0.21841690144145806 0.4625939091985276 0.11994079215910028 0.36810120624474896 0.22133673378630686 0.33770184110293366
94 1504 0.02859130327218948 0 10.185255834739255 0.07653154776249226 0.4884824276340151 0.03131548539752505 0.29298282518219515 0.2774509268698135 0.5799064009844164 0.21065499464417686 0.18709365750019413 0.21563619749484922 0.6127444227954291 0.37180686068774715 0.530571995691866 0.372034563541388 0.3351492125259483 0.42425442901746696 0.4192708767241248 0.2592602558049725 0.4193632235598078 0.17391733754899869 0.37001019533421253 0.25829799517097773 0.30922423630154044
95 1520 0.028915555926825313 0 10.12338046849478 0.0946617347870098 0.5065847773044401 0.08967290144245618 0.3276885127836468 0.3059428554839213 0.5550827429920874 0.21577446412780138 0.2010524778632791 0.20963581625571642 0.6241091408978279 0.342043135063771 0.4720956968005728 0.397873756232696 0.280086720034598 0.46760831177416695 0.4710263961531224 0.22835866635503857 0.459699286276781 0.13855105688477415 0.4326088484345009 0.2443135461592154 0.34087802127581174
96 1536 0.028194316405099746 0 10.060289620516144 0.051101638280152926 0.5316145801407298 0.06454910398076172 0.3192028266502452 0.28179518313496754 0.5471263149571067 0.24957603417061192 0.2351362892554475 0.22385426458414157 0.6322471336907806 0.3735777634470629 0.48465757267140996 0.40177379631528665 0.26796451208110433 0.47860977295440005 0.444909604858595 0.25520371936941844 0.43135921046584624 0.16227664149560062 0.33932510790634246 0.2416797012695722 0.32486782516270624
97 1552 0.027612762487765546 0 10.003532300168201 0.0486356166276003 0.5094173419492964 0.03183777604715198 0.2914493698933196 0.31410883523773664 0.5768093817101847 0.21932480603846044 0.2138205160442867 0.26170731341347214 0.6462924171337555 0.3171582492675884 0.5006095690893096 0.4402853191568667 0.2983763152018859 0.434132792788596 0.4079042658283614 0.2816136893726878 0.43026206345939355 0.1933938079581734 0.39624011570916634 0.2577840983853516 0.30786760719706574
98 1568 0.027661377942066304 0 10.077589213095305 0.05761856032533329 0.5094137714004732 0.06332800315843598 0.3110806450344845 0.2817773607916518 0.5831441492648828 0.2062130126594526 0.2119633965494523 0.27654300971772805 0.6397213402871462 0.32107813955805786 0.5343452449916717 0.4249600105890419 0.28767998528044386 0.4657668718693442 0.38732015267630887 0.3514916440117096 0.3620230213876148 0.13508713689732912 0.4158099730396698 0.23629489221458547 0.31507076422315905
99 1584 0.026593007199972415 0 10.002952318709843 0.038716407275954656 0.5558135643453981 0.034865080877224175 0.2634576010742655 0.29057657862605446 0.5472820188689607 0.24349456285992552 0.2070202133223672 0.22961672921049814 0.6378652656073663 0.3227632025370304 0.4812746261672923 0.41484649717458233 0.313759947007906 0.4499157949510443 0.416207273595703 0.2833198149045732 0.42570170639603555 0.1585775848448767 0.3837880487531714 0.18891089422603657 0.31050706540859996
100 1600 0.026046704249136347 0 10.011399030094903 0.058977612425602455 0.5140161127816796 0.046312109366082085 0.2677508616394454 0.284514155568587 0.6152197828585054 0.26271301198575775 0.21630459033359822 0.2367397227957674 0.6625066482367431 0.2960062099903187 0.504108759787019 0.41923813260290355 0.29908737945310493 0.42320476104907556 0.4542785471452997 0.2981020749826111 0.41688813389852647 0.16193638474080838 0.43924348048582784 0.2616031642053031 0.3166696172725781
